0.0000 0.1000 0.0000 0.0000 0.0000 -0.3800 0.7219 0.3072 -0.5161 -0.8447 -0.3118 0.5115 0.0000 0.0000 0.0000 0.0506 0.6294 -1.1757 -0.6271 0.1074 0.0000 0.0644 -0.7567 1.4380 0.7637 0.1427
0.0000 0.1000 -0.0000 0.0011 0.0001 -0.3800 0.7219 0.3072 -0.5161 -0.8447 -0.3118 0.5115 0.0000 0.0000 0.0000 0.0675 0.5787 -1.0851 -0.5366 0.1810 0.0000 0.1135 -0.8534 1.6544 0.8312 0.2286
0.0000 0.1000 -0.0000 0.0021 0.0001 -0.3800 0.7219 0.3072 -0.5161 -0.8447 -0.3118 0.5115 0.0000 0.0000 0.0000 0.0430 0.5388 -0.9900 -0.5335 0.1565 0.0000 0.1135 -0.9209 1.7863 0.9463 0.2179
0.0000 0.1000 -0.0000 0.0032 0.0000 -0.3800 0.7219 0.3072 -0.5161 -0.8447 -0.3118 0.5115 0.0000 0.0000 0.0000 0.0138 0.5312 -0.9670 -0.5535 0.1043 0.0000 0.0890 -0.9332 1.8032 0.9877 0.1688
0.0000 0.1000 -0.0000 0.0043 0.0000 -0.3800 0.7219 0.3072 -0.5161 -0.8447 -0.3118 0.5115 0.0000 0.0000 0.0000 -0.0031 0.5619 -1.0376 -0.5565 0.0522 0.0000 0.0537 -0.8841 1.7081 0.9048 0.1059
0.0000 0.1000 -0.0000 0.0053 0.0000 -0.3800 0.7219 0.3072 -0.5161 -0.8447 -0.3118 0.5115 0.0000 0.0000 0.0000 0.0015 0.6110 -1.1388 -0.6041 0.0245 0.0000 0.0276 -0.7935 1.5178 0.7990 0.0645
0.0000 0.1000 -0.0000 0.0064 0.0000 -0.3800 0.7219 0.3072 -0.5161 -0.8447 -0.3118 0.5115 0.0000 0.0000 0.0000 0.0061 0.6555 -1.2355 -0.6271 -0.0000 0.0000 0.0046 -0.7030 1.3352 0.6777 0.0322
0.0001 0.1000 -0.0000 0.0075 0.0001 -0.3800 0.7219 0.3072 -0.5161 -0.8447 -0.3118 0.5115 0.0000 0.0000 0.0000 0.0276 0.6785 -1.2892 -0.6409 0.0307 0.0000 0.0169 -0.6769 1.2861 0.6409 0.0599
0.0001 0.1000 -0.0000 0.0085 0.0001 -0.3800 0.7219 0.3072 -0.5161 -0.8447 -0.3118 0.5115 0.0000 0.0000 0.0000 0.0292 0.6754 -1.2693 -0.6808 0.0337 0.0000 0.0199 -0.6769 1.2723 0.6824 0.0629
0.0000 0.1000 -0.0000 0.0096 0.0001 -0.3800 0.7219 0.3072 -0.5161 -0.8447 -0.3118 0.5115 0.0000 0.0000 0.0000 -0.0476 0.7122 -1.3460 -0.7161 -0.1166 0.0000 -0.0476 -0.6508 1.2186 0.6501 -0.0844
0.0000 0.1000 -0.0000 0.0107 0.0000 -0.3800 0.7219 0.3072 -0.5161 -0.8447 -0.3118 0.5115 0.0000 0.0000 0.0000 -0.0921 0.8058 -1.5424 -0.8174 -0.1918 0.0000 -0.0629 -0.6048 1.1250 0.6026 -0.1504
0.0000 0.1000 -0.0000 0.0117 0.0000 -0.3800 0.7219 0.3072 -0.5161 -0.8447 -0.3118 0.5115 0.0000 0.0000 0.0000 -0.1243 0.8933 -1.7280 -0.9094 -0.2440 0.0000 -0.0629 -0.5557 1.0268 0.5473 -0.1887
0.0001 0.1000 -0.0000 0.0128 0.0001 -0.3800 0.7219 0.3072 -0.5161 -0.8447 -0.3118 0.5115 0.0000 0.0000 0.0000 -0.1120 0.9347 -1.8140 -0.9662 -0.2118 0.0000 -0.0353 -0.5296 0.9701 0.5289 -0.1473
0.0001 0.1000 -0.0000 0.0139 0.0001 -0.3800 0.7219 0.3072 -0.5161 -0.8447 -0.3118 0.5115 0.0000 0.0000 0.0000 -0.0844 0.9163 -1.7695 -0.9555 -0.1611 0.0000 -0.0153 -0.5419 0.9931 0.5519 -0.1013
0.0001 0.1000 -0.0000 0.0149 0.0001 -0.3800 0.7219 0.3072 -0.5161 -0.8447 -0.3118 0.5115 0.0000 0.0000 0.0000 -0.0430 0.8426 -1.6206 -0.8527 -0.0890 0.0000 -0.0015 -0.5849 1.0867 0.5780 -0.0429
0.0001 0.1000 -0.0000 0.0160 0.0001 -0.3800 0.7219 0.3072 -0.5161 -0.8447 -0.3118 0.5115 0.0000 0.0000 0.0000 -0.0184 0.7444 -1.4212 -0.7222 -0.0522 0.0000 -0.0077 -0.6340 1.1941 0.6056 -0.0169
0.0001 0.1000 -0.0000 0.0171 0.0001 -0.3800 0.7219 0.3072 -0.5161 -0.8447 -0.3118 0.5115 0.0000 0.0000 0.0000 -0.0123 0.6785 -1.2877 -0.6471 -0.0491 0.0000 -0.0200 -0.6693 1.2693 0.6379 -0.0184
0.0000 0.1000 -0.0000 0.0181 0.0001 -0.3800 0.7219 0.3072 -0.5161 -0.8447 -0.3118 0.5115 0.0000 0.0000 0.0000 -0.0261 0.6785 -1.2831 -0.6655 -0.0783 0.0000 -0.0368 -0.6785 1.2815 0.6639 -0.0491
0.0001 0.1000 -0.0000 0.0192 0.0001 -0.3800 0.7219 0.3072 -0.5161 -0.8447 -0.3118 0.5115 0.0000 0.0000 0.0000 0.0583 0.6585 -1.2294 -0.6870 0.0997 0.0000 0.0552 -0.6953 1.3030 0.7253 0.1320
0.0001 0.1000 -0.0000 0.0203 0.0001 -0.3800 0.7219 0.3072 -0.5161 -0.8447 -0.3118 0.5115 0.0000 0.0000 0.0000 0.0460 0.6171 -1.1511 -0.6148 0.1074 0.0000 0.0675 -0.7813 1.4887 0.7898 0.1458
0.0001 0.1000 -0.0000 0.0213 0.0002 -0.3800 0.7219 0.3072 -0.5161 -0.8447 -0.3118 0.5115 0.0000 0.0000 0.0000 0.0568 0.5665 -1.0529 -0.5473 0.1657 0.0000 0.1105 -0.8749 1.6927 0.8787 0.2179
0.0001 0.1000 -0.0000 0.0224 0.0002 -0.3800 0.7219 0.3072 -0.5161 -0.8447 -0.3118 0.5115 0.0000 0.0000 0.0000 0.0414 0.5327 -0.9793 -0.5274 0.1580 0.0000 0.1166 -0.9301 1.8047 0.9555 0.2225
0.0001 0.1000 -0.0000 0.0235 0.0001 -0.3800 0.7219 0.3072 -0.5161 -0.8447 -0.3118 0.5115 0.0000 0.0000 0.0000 0.0153 0.5358 -0.9731 -0.5627 0.1028 0.0000 0.0875 -0.9270 1.7863 0.9846 0.1657
0.0001 0.1000 -0.0000 0.0245 0.0001 -0.3800 0.7219 0.3072 -0.5161 -0.8447 -0.3118 0.5115 0.0000 0.0000 0.0000 -0.0046 0.5726 -1.0652 -0.5535 0.0414 0.0000 0.0460 -0.8641 1.6697 0.8665 0.0921
0.0001 0.1000 -0.0000 0.0256 0.0001 -0.3800 0.7219 0.3072 -0.5161 -0.8447 -0.3118 0.5115 0.0000 0.0000 0.0000 0.0031 0.6232 -1.1634 -0.6210 0.0184 0.0000 0.0215 -0.7690 1.4626 0.7759 0.0553
0.0001 0.1000 -0.0000 0.0267 0.0001 -0.3800 0.7219 0.3072 -0.5161 -0.8447 -0.3118 0.5115 0.0000 0.0000 0.0000 0.0138 0.6631 -1.2555 -0.6317 0.0092 0.0000 0.0092 -0.6877 1.3076 0.6578 0.0399
0.0001 0.1000 -0.0000 0.0277 0.0002 -0.3800 0.7219 0.3072 -0.5161 -0.8447 -0.3118 0.5115 0.0000 0.0000 0.0000 0.0322 0.6800 -1.2923 -0.6425 0.0399 0.0000 0.0215 -0.6800 1.2907 0.6425 0.0691
0.0001 0.1000 -0.0000 0.0288 0.0001 -0.3800 0.7219 0.3072 -0.5161 -0.8447 -0.3118 0.5115 0.0000 0.0000 0.0000 -0.0123 0.6754 -1.2524 -0.7376 -0.0506 0.0000 -0.0215 -0.6723 1.2447 0.7330 -0.0199
0.0001 0.1000 -0.0000 0.0298 0.0001 -0.3800 0.7219 0.3072 -0.5161 -0.8447 -0.3118 0.5115 0.0000 0.0000 0.0000 -0.0506 0.7322 -1.3859 -0.7483 -0.1197 0.0000 -0.0445 -0.6401 1.1956 0.6501 -0.0874
0.0001 0.1000 -0.0000 0.0309 0.0001 -0.3800 0.7219 0.3072 -0.5161 -0.8447 -0.3118 0.5115 0.0000 0.0000 0.0000 -0.1105 0.8304 -1.5930 -0.8450 -0.2256 0.0000 -0.0737 -0.5910 1.0989 0.5888 -0.1810
0.0001 0.1000 -0.0000 0.0320 0.0001 -0.3800 0.7219 0.3072 -0.5161 -0.8447 -0.3118 0.5115 0.0000 0.0000 0.0000 -0.1289 0.9086 -1.7587 -0.9371 -0.2501 0.0000 -0.0614 -0.5465 1.0054 0.5458 -0.1918
0.0001 0.1000 -0.0000 0.0330 0.0002 -0.3800 0.7219 0.3072 -0.5161 -0.8447 -0.3118 0.5115 0.0000 0.0000 0.0000 -0.1120 0.9362 -1.8140 -0.9739 -0.2118 0.0000 -0.0353 -0.5296 0.9670 0.5335 -0.1473
0.0001 0.1000 -0.0000 0.0341 0.0002 -0.3800 0.7219 0.3072 -0.5161 -0.8447 -0.3118 0.5115 0.0000 0.0000 0.0000 -0.0721 0.9025 -1.7434 -0.9278 -0.1366 0.0000 -0.0077 -0.5511 1.0146 0.5504 -0.0798
0.0001 0.1000 -0.0000 0.0352 0.0002 -0.3800 0.7219 0.3072 -0.5161 -0.8447 -0.3118 0.5115 0.0000 0.0000 0.0000 -0.0368 0.8181 -1.5715 -0.8204 -0.0798 0.0000 -0.0031 -0.5987 1.1143 0.5842 -0.0368
0.0001 0.1000 -0.0000 0.0362 0.0002 -0.3800 0.7219 0.3072 -0.5161 -0.8447 -0.3118 0.5115 0.0000 0.0000 0.0000 -0.0107 0.7214 -1.3751 -0.6992 -0.0414 0.0000 -0.0077 -0.6447 1.2171 0.6179 -0.0092
0.0001 0.1000 -0.0000 0.0373 0.0002 -0.3800 0.7219 0.3072 -0.5161 -0.8447 -0.3118 0.5115 0.0000 0.0000 0.0000 -0.0138 0.6754 -1.2769 -0.6486 -0.0522 0.0000 -0.0230 -0.6754 1.2769 0.6486 -0.0215
0.0001 0.1000 -0.0000 0.0384 0.0002 -0.3800 0.7219 0.3072 -0.5161 -0.8447 -0.3118 0.5115 0.0000 0.0000 0.0000 0.0046 0.6769 -1.2601 -0.7207 -0.0138 0.0000 -0.0046 -0.6754 1.2570 0.7192 0.0154
0.0001 0.1000 -0.0000 0.0394 0.0002 -0.3800 0.7219 0.3072 -0.5161 -0.8447 -0.3118 0.5115 0.0000 0.0000 0.0000 0.0598 0.6508 -1.2171 -0.6547 0.1089 0.0000 0.0598 -0.7122 1.3444 0.7207 0.1412
0.0001 0.1000 -0.0000 0.0405 0.0002 -0.3800 0.7219 0.3072 -0.5161 -0.8447 -0.3118 0.5115 0.0000 0.0000 0.0000 0.0537 0.6048 -1.1281 -0.5918 0.1319 0.0000 0.0828 -0.8058 1.5454 0.8066 0.1734
0.0001 0.1000 -0.0000 0.0416 0.0002 -0.3800 0.7219 0.3072 -0.5161 -0.8447 -0.3118 0.5115 0.0000 0.0000 0.0000 0.0506 0.5557 -1.0284 -0.5412 0.1642 0.0000 0.1120 -0.8933 1.7296 0.9033 0.2194
0.0001 0.1000 -0.0000 0.0426 0.0002 -0.3800 0.7219 0.3072 -0.5161 -0.8447 -0.3118 0.5115 0.0000 0.0000 0.0000 0.0353 0.5296 -0.9701 -0.5289 0.1473 0.0000 0.1120 -0.9347 1.8140 0.9662 0.2118
0.0001 0.1000 -0.0000 0.0437 0.0001 -0.3800 0.7219 0.3072 -0.5161 -0.8447 -0.3118 0.5115 0.0000 0.0000 0.0000 0.0092 0.5419 -0.9854 -0.5749 0.0890 0.0000 0.0782 -0.9163 1.7618 0.9785 0.1488
0.0001 0.1000 -0.0000 0.0448 0.0002 -0.3800 0.7219 0.3072 -0.5161 -0.8447 -0.3118 0.5115 0.0000 0.0000 0.0000 -0.0046 0.5849 -1.0882 -0.5719 0.0307 0.0000 0.0368 -0.8426 1.6222 0.8465 0.0767
0.0001 0.1000 -0.0000 0.0458 0.0002 -0.3800 0.7219 0.3072 -0.5161 -0.8447 -0.3118 0.5115 0.0000 0.0000 0.0000 -0.0046 0.6340 -1.1895 -0.6225 -0.0077 0.0000 0.0061 -0.7444 1.4166 0.7391 0.0276
0.0001 0.1000 -0.0000 0.0469 0.0002 -0.3800 0.7219 0.3072 -0.5161 -0.8447 -0.3118 0.5115 0.0000 0.0000 0.0000 0.0138 0.6693 -1.2693 -0.6379 0.0061 0.0000 0.0061 -0.6785 1.2877 0.6471 0.0368
0.0001 0.1000 -0.0000 0.0480 0.0002 -0.3800 0.7219 0.3072 -0.5161 -0.8447 -0.3118 0.5115 0.0000 0.0000 0.0000 0.0460 0.6800 -1.2923 -0.6425 0.0660 0.0000 0.0337 -0.6800 1.2923 0.6425 0.0936
0.0001 0.1000 -0.0000 0.0490 0.0002 -0.3800 0.7219 0.3072 -0.5161 -0.8447 -0.3118 0.5115 0.0000 0.0000 0.0000 -0.0337 0.6831 -1.2769 -0.7115 -0.0905 0.0000 -0.0399 -0.6662 1.2447 0.6946 -0.0598
0.0001 0.1000 -0.0000 0.0501 0.0002 -0.3800 0.7219 0.3072 -0.5161 -0.8447 -0.3118 0.5115 0.0000 0.0000 0.0000 -0.0552 0.7567 -1.4380 -0.7637 -0.1243 0.0000 -0.0414 -0.6294 1.1757 0.6271 -0.0890
0.0001 0.1000 -0.0000 0.0512 0.0001 -0.3800 0.7219 0.3072 -0.5161 -0.8447 -0.3118 0.5115 0.0000 0.0000 0.0000 -0.1135 0.8534 -1.6436 -0.8649 -0.2286 0.0000 -0.0675 -0.5787 1.0744 0.5703 -0.1810
0.0001 0.1000 -0.0000 0.0522 0.0002 -0.3800 0.7219 0.3072 -0.5161 -0.8447 -0.3118 0.5115 0.0000 0.0000 0.0000 -0.1289 0.9209 -1.7848 -0.9509 -0.2486 0.0000 -0.0583 -0.5388 0.9885 0.5381 -0.1872
0.0001 0.1000 -0.0000 0.0533 0.0002 -0.3800 0.7219 0.3072 -0.5161 -0.8447 -0.3118 0.5115 0.0000 0.0000 0.0000 -0.1074 0.9332 -1.8032 -0.9877 -0.2056 0.0000 -0.0322 -0.5312 0.9670 0.5535 -0.1411
0.0001 0.1000 -0.0000 0.0544 0.0002 -0.3800 0.7219 0.3072 -0.5161 -0.8447 -0.3118 0.5115 0.0000 0.0000 0.0000 -0.0568 0.8841 -1.7066 -0.9094 -0.1120 0.0000 -0.0000 -0.5619 1.0360 0.5611 -0.0583
0.0001 0.1000 -0.0000 0.0554 0.0002 -0.3800 0.7219 0.3072 -0.5161 -0.8447 -0.3118 0.5115 0.0000 0.0000 0.0000 -0.0337 0.7935 -1.5194 -0.7928 -0.0767 0.0000 -0.0077 -0.6110 1.1404 0.5980 -0.0368
0.0001 0.1000 -0.0000 0.0565 0.0002 -0.3800 0.7219 0.3072 -0.5161 -0.8447 -0.3118 0.5115 0.0000 0.0000 0.0000 -0.0046 0.7030 -1.3383 -0.6731 -0.0322 0.0000 -0.0061 -0.6555 1.2386 0.6225 0.0000
0.0001 0.1000 -0.0000 0.0576 0.0002 -0.3800 0.7219 0.3072 -0.5161 -0.8447 -0.3118 0.5115 0.0000 0.0000 0.0000 -0.0077 0.6769 -1.2815 -0.6517 -0.0414 0.0000 -0.0184 -0.6785 1.2846 0.6517 -0.0123
0.0001 0.1000 -0.0000 0.0586 0.0002 -0.3800 0.7219 0.3072 -0.5161 -0.8447 -0.3118 0.5115 0.0000 0.0000 0.0000 0.0184 0.6723 -1.2416 -0.7437 0.0138 0.0000 0.0092 -0.6754 1.2493 0.7483 0.0445
0.0001 0.1000 -0.0000 0.0597 0.0002 -0.3800 0.7219 0.3072 -0.5161 -0.8447 -0.3118 0.5115 0.0000 0.0000 0.0000 0.0476 0.6401 -1.1941 -0.6547 0.0936 0.0000 0.0537 -0.7322 1.3843 0.7529 0.1258
0.0001 0.1000 -0.0000 0.0608 0.0003 -0.3800 0.7219 0.3072 -0.5161 -0.8447 -0.3118 0.5115 0.0000 0.0000 0.0000 0.0614 0.5910 -1.1005 -0.5842 0.1565 0.0000 0.0982 -0.8304 1.5945 0.8404 0.2010
0.0001 0.1000 -0.0000 0.0618 0.0003 -0.3800 0.7219 0.3072 -0.5161 -0.8447 -0.3118 0.5115 0.0000 0.0000 0.0000 0.0491 0.5465 -1.0069 -0.5412 0.1672 0.0000 0.1166 -0.9086 1.7603 0.9325 0.2256
0.0001 0.1000 -0.0000 0.0629 0.0002 -0.3800 0.7219 0.3072 -0.5161 -0.8447 -0.3118 0.5115 0.0000 0.0000 0.0000 0.0322 0.5296 -0.9624 -0.5504 0.1411 0.0000 0.1089 -0.9362 1.8094 0.9908 0.2056
0.0001 0.1000 -0.0000 0.0640 0.0002 -0.3800 0.7219 0.3072 -0.5161 -0.8447 -0.3118 0.5115 0.0000 0.0000 0.0000 0.0046 0.5511 -1.0054 -0.5780 0.0736 0.0000 0.0690 -0.9025 1.7342 0.9555 0.1304
0.0001 0.1000 -0.0000 0.0650 0.0002 -0.3800 0.7219 0.3072 -0.5161 -0.8447 -0.3118 0.5115 0.0000 0.0000 0.0000 -0.0031 0.5987 -1.1128 -0.5903 0.0245 0.0000 0.0307 -0.8181 1.5700 0.8266 0.0675
0.0001 0.1000 -0.0000 0.0661 0.0002 -0.3800 0.7219 0.3072 -0.5161 -0.8447 -0.3118 0.5115 0.0000 0.0000 0.0000 -0.0046 0.6447 -1.2171 -0.6179 -0.0154 0.0000 -0.0015 -0.7214 1.3751 0.6992 0.0169
0.0001 0.1000 -0.0000 0.0672 0.0002 -0.3800 0.7219 0.3072 -0.5161 -0.8447 -0.3118 0.5115 0.0000 0.0000 0.0000 0.0169 0.6754 -1.2800 -0.6440 0.0092 0.0000 0.0077 -0.6754 1.2800 0.6440 0.0399
0.0001 0.1000 -0.0000 0.0682 0.0003 -0.3800 0.7219 0.3072 -0.5161 -0.8447 -0.3118 0.5115 0.0000 0.0000 0.0000 0.0368 0.6785 -1.2800 -0.6685 0.0491 0.0000 0.0261 -0.6785 1.2815 0.6701 0.0783
0.0001 0.1000 -0.0000 0.0693 0.0002 -0.3800 0.7219 0.3072 -0.5161 -0.8447 -0.3118 0.5115 0.0000 0.0000 0.0000 -0.0460 0.6953 -1.3122 -0.6931 -0.1136 0.0000 -0.0491 -0.6585 1.2386 0.6547 -0.0813
0.0001 0.1000 -0.0000 0.0704 0.0002 -0.3800 0.7219 0.3072 -0.5161 -0.8447 -0.3118 0.5115 0.0000 0.0000 0.0000 -0.0644 0.7813 -1.4902 -0.7852 -0.1396 0.0000 -0.0430 -0.6171 1.1526 0.6102 -0.1013
0.0001 0.1000 -0.0000 0.0714 0.0002 -0.3800 0.7219 0.3072 -0.5161 -0.8447 -0.3118 0.5115 0.0000 0.0000 0.0000 -0.1166 0.8749 -1.6897 -0.8895 -0.2302 0.0000 -0.0629 -0.5665 1.0498 0.5581 -0.1780
0.0001 0.1000 -0.0000 0.0725 0.0002 -0.3800 0.7219 0.3072 -0.5161 -0.8447 -0.3118 0.5115 0.0000 0.0000 0.0000 -0.1258 0.9301 -1.8032 -0.9601 -0.2409 0.0000 -0.0506 -0.5327 0.9777 0.5320 -0.1764
0.0001 0.1000 -0.0000 0.0736 0.0003 -0.3800 0.7219 0.3072 -0.5161 -0.8447 -0.3118 0.5115 0.0000 0.0000 0.0000 -0.1028 0.9270 -1.7863 -0.9846 -0.1964 0.0000 -0.0307 -0.5358 0.9731 0.5627 -0.1335
0.0001 0.1000 -0.0000 0.0746 0.0003 -0.3800 0.7219 0.3072 -0.5161 -0.8447 -0.3118 0.5115 0.0000 0.0000 0.0000 -0.0460 0.8641 -1.6651 -0.8818 -0.0921 0.0000 0.0046 -0.5726 1.0606 0.5688 -0.0414
0.0001 0.1000 -0.0000 0.0757 0.0003 -0.3800 0.7219 0.3072 -0.5161 -0.8447 -0.3118 0.5115 0.0000 0.0000 0.0000 -0.0276 0.7690 -1.4657 -0.7652 -0.0675 0.0000 -0.0092 -0.6232 1.1665 0.6102 -0.0307
0.0001 0.1000 -0.0000 0.0768 0.0003 -0.3800 0.7219 0.3072 -0.5161 -0.8447 -0.3118 0.5115 0.0000 0.0000 0.0000 -0.0123 0.6877 -1.3076 -0.6578 -0.0460 0.0000 -0.0169 -0.6631 1.2555 0.6317 -0.0153
0.0001 0.1000 -0.0000 0.0778 0.0002 -0.3800 0.7219 0.3072 -0.5161 -0.8447 -0.3118 0.5115 0.0000 0.0000 0.0000 -0.0184 0.6800 -1.2907 -0.6486 -0.0629 0.0000 -0.0307 -0.6800 1.2907 0.6486 -0.0353
0.0001 0.1000 -0.0000 0.0789 0.0003 -0.3800 0.7219 0.3072 -0.5161 -0.8447 -0.3118 0.5115 0.0000 0.0000 0.0000 0.0399 0.6662 -1.2386 -0.7100 0.0598 0.0000 0.0337 -0.6831 1.2708 0.7268 0.0905
0.0001 0.1000 -0.0000 0.0799 0.0003 -0.3800 0.7219 0.3072 -0.5161 -0.8447 -0.3118 0.5115 0.0000 0.0000 0.0000 0.0445 0.6294 -1.1757 -0.6271 0.0951 0.0000 0.0583 -0.7567 1.4380 0.7637 0.1304
0.0002 0.1000 -0.0000 0.0810 0.0003 -0.3800 0.7219 0.3072 -0.5161 -0.8447 -0.3118 0.5115 0.0000 0.0000 0.0000 0.0644 0.5787 -1.0805 -0.5473 0.1749 0.0000 0.1105 -0.8534 1.6498 0.8419 0.2225
0.0002 0.1000 -0.0000 0.0821 0.0003 -0.3800 0.7219 0.3072 -0.5161 -0.8447 -0.3118 0.5115 0.0000 0.0000 0.0000 0.0460 0.5388 -0.9900 -0.5335 0.1626 0.0000 0.1166 -0.9209 1.7863 0.9463 0.2240
0.0002 0.1000 -0.0000 0.0831 0.0003 -0.3800 0.7219 0.3072 -0.5161 -0.8447 -0.3118 0.5115 0.0000 0.0000 0.0000 0.0261 0.5312 -0.9639 -0.5581 0.1289 0.0000 0.1013 -0.9332 1.8001 0.9923 0.1933
0.0002 0.1000 -0.0000 0.0842 0.0003 -0.3800 0.7219 0.3072 -0.5161 -0.8447 -0.3118 0.5115 0.0000 0.0000 0.0000 -0.0031 0.5619 -1.0360 -0.5611 0.0522 0.0000 0.0537 -0.8841 1.7066 0.9094 0.1059
0.0002 0.1000 -0.0000 0.0853 0.0003 -0.3800 0.7219 0.3072 -0.5161 -0.8447 -0.3118 0.5115 0.0000 0.0000 0.0000 -0.0015 0.6110 -1.1373 -0.6087 0.0184 0.0000 0.0245 -0.7935 1.5163 0.8036 0.0583
0.0002 0.1000 -0.0000 0.0863 0.0003 -0.3800 0.7219 0.3072 -0.5161 -0.8447 -0.3118 0.5115 0.0000 0.0000 0.0000 0.0000 0.6555 -1.2355 -0.6271 -0.0123 0.0000 -0.0015 -0.7030 1.3352 0.6777 0.0200
0.0002 0.1000 -0.0000 0.0874 0.0003 -0.3800 0.7219 0.3072 -0.5161 -0.8447 -0.3118 0.5115 0.0000 0.0000 0.0000 0.0184 0.6785 -1.2877 -0.6471 0.0123 0.0000 0.0077 -0.6769 1.2846 0.6471 0.0414
0.0002 0.1000 -0.0000 0.0885 0.0003 -0.3800 0.7219 0.3072 -0.5161 -0.8447 -0.3118 0.5115 0.0000 0.0000 0.0000 0.0138 0.6754 -1.2662 -0.6916 0.0031 0.0000 0.0046 -0.6769 1.2693 0.6931 0.0322
0.0002 0.1000 -0.0000 0.0895 0.0003 -0.3800 0.7219 0.3072 -0.5161 -0.8447 -0.3118 0.5115 0.0000 0.0000 0.0000 -0.0476 0.7122 -1.3490 -0.7054 -0.1166 0.0000 -0.0476 -0.6508 1.2217 0.6394 -0.0844
0.0002 0.1000 -0.0000 0.0906 0.0003 -0.3800 0.7219 0.3072 -0.5161 -0.8447 -0.3118 0.5115 0.0000 0.0000 0.0000 -0.0828 0.8058 -1.5424 -0.8174 -0.1734 0.0000 -0.0537 -0.6048 1.1250 0.6026 -0.1319
0.0001 0.1000 -0.0000 0.0917 0.0002 -0.3800 0.7219 0.3072 -0.5161 -0.8447 -0.3118 0.5115 0.0000 0.0000 0.0000 -0.1212 0.8933 -1.7280 -0.9094 -0.2378 0.0000 -0.0598 -0.5557 1.0268 0.5473 -0.1826
0.0002 0.1000 -0.0000 0.0927 0.0003 -0.3800 0.7219 0.3072 -0.5161 -0.8447 -0.3118 0.5115 0.0000 0.0000 0.0000 -0.1120 0.9347 -1.8124 -0.9723 -0.2118 0.0000 -0.0353 -0.5296 0.9685 0.5351 -0.1473
0.0002 0.1000 -0.0000 0.0938 0.0003 -0.3800 0.7219 0.3072 -0.5161 -0.8447 -0.3118 0.5115 0.0000 0.0000 0.0000 -0.0875 0.9163 -1.7633 -0.9723 -0.1673 0.0000 -0.0184 -0.5419 0.9869 0.5688 -0.1074
0.0002 0.1000 -0.0000 0.0949 0.0003 -0.3800 0.7219 0.3072 -0.5161 -0.8447 -0.3118 0.5115 0.0000 0.0000 0.0000 -0.0399 0.8426 -1.6206 -0.8527 -0.0829 0.0000 0.0015 -0.5849 1.0867 0.5780 -0.0368
0.0002 0.1000 -0.0000 0.0959 0.0003 -0.3800 0.7219 0.3072 -0.5161 -0.8447 -0.3118 0.5115 0.0000 0.0000 0.0000 -0.0153 0.7444 -1.4181 -0.7345 -0.0460 0.0000 -0.0046 -0.6340 1.1910 0.6179 -0.0107
0.0002 0.1000 -0.0000 0.0970 0.0003 -0.3800 0.7219 0.3072 -0.5161 -0.8447 -0.3118 0.5115 0.0000 0.0000 0.0000 -0.0092 0.6785 -1.2877 -0.6471 -0.0430 0.0000 -0.0169 -0.6693 1.2693 0.6379 -0.0123
0.0002 0.1000 -0.0000 0.0981 0.0003 -0.3800 0.7219 0.3072 -0.5161 -0.8447 -0.3118 0.5115 0.0000 0.0000 0.0000 -0.0230 0.6785 -1.2861 -0.6532 -0.0721 0.0000 -0.0338 -0.6785 1.2846 0.6517 -0.0429
0.0002 0.1000 -0.0000 0.0991 0.0003 -0.3800 0.7219 0.3072 -0.5161 -0.8447 -0.3118 0.5115 0.0000 0.0000 0.0000 0.0430 0.6585 -1.2294 -0.6870 0.0690 0.0000 0.0399 -0.6953 1.3030 0.7253 0.1013
0.0002 0.1000 -0.0000 0.1002 0.0003 -0.3800 0.7219 0.3072 -0.5161 -0.8447 -0.3118 0.5115 0.0000 0.0000 0.0000 0.0460 0.6171 -1.1542 -0.6041 0.1074 0.0000 0.0675 -0.7813 1.4917 0.7790 0.1458
0.0002 0.1000 -0.0000 0.1013 0.0004 -0.3800 0.7219 0.3072 -0.5161 -0.8447 -0.3118 0.5115 0.0000 0.0000 0.0000 0.0629 0.5665 -1.0560 -0.5351 0.1780 0.0000 0.1166 -0.8749 1.6958 0.8665 0.2302
0.0002 0.1000 -0.0000 0.1023 0.0004 -0.3800 0.7219 0.3072 -0.5161 -0.8447 -0.3118 0.5115 0.0000 0.0000 0.0000 0.0445 0.5327 -0.9777 -0.5320 0.1642 0.0000 0.1197 -0.9301 1.8032 0.9601 0.2286
0.0002 0.1000 -0.0000 0.1034 0.0003 -0.3800 0.7219 0.3072 -0.5161 -0.8447 -0.3118 0.5115 0.0000 0.0000 0.0000 0.0184 0.5358 -0.9716 -0.5688 0.1089 0.0000 0.0905 -0.9270 1.7848 0.9908 0.1719
0.0002 0.1000 -0.0000 0.1045 0.0003 -0.3800 0.7219 0.3072 -0.5161 -0.8447 -0.3118 0.5115 0.0000 0.0000 0.0000 -0.0015 0.5726 -1.0637 -0.5581 0.0476 0.0000 0.0491 -0.8641 1.6682 0.8711 0.0982
0.0002 0.1000 -0.0000 0.1055 0.0003 -0.3800 0.7219 0.3072 -0.5161 -0.8447 -0.3118 0.5115 0.0000 0.0000 0.0000 0.0000 0.6232 -1.1649 -0.6164 0.0123 0.0000 0.0184 -0.7690 1.4641 0.7713 0.0491
0.0002 0.1000 -0.0000 0.1066 0.0003 -0.3800 0.7219 0.3072 -0.5161 -0.8447 -0.3118 0.5115 0.0000 0.0000 0.0000 0.0015 0.6631 -1.2555 -0.6317 -0.0154 0.0000 -0.0031 -0.6877 1.3076 0.6578 0.0154
0.0002 0.1000 -0.0000 0.1077 0.0004 -0.3800 0.7219 0.3072 -0.5161 -0.8447 -0.3118 0.5115 0.0000 0.0000 0.0000 0.0230 0.6800 -1.2923 -0.6425 0.0215 0.0000 0.0123 -0.6800 1.2907 0.6425 0.0506
0.0002 0.1000 -0.0000 0.1087 0.0003 -0.3800 0.7219 0.3072 -0.5161 -0.8447 -0.3118 0.5115 0.0000 0.0000 0.0000 -0.0153 0.6754 -1.2585 -0.7207 -0.0568 0.0000 -0.0246 -0.6723 1.2508 0.7161 -0.0261
0.0002 0.1000 -0.0000 0.1098 0.0003 -0.3800 0.7219 0.3072 -0.5161 -0.8447 -0.3118 0.5115 0.0000 0.0000 0.0000 -0.0414 0.7322 -1.3889 -0.7376 -0.1013 0.0000 -0.0353 -0.6401 1.1987 0.6394 -0.0690
0.0002 0.1000 -0.0000 0.1109 0.0003 -0.3800 0.7219 0.3072 -0.5161 -0.8447 -0.3118 0.5115 0.0000 0.0000 0.0000 -0.0982 0.8304 -1.5930 -0.8450 -0.2010 0.0000 -0.0614 -0.5910 1.0989 0.5888 -0.1565
0.0002 0.1000 -0.0000 0.1119 0.0003 -0.3800 0.7219 0.3072 -0.5161 -0.8447 -0.3118 0.5115 0.0000 0.0000 0.0000 -0.1289 0.9086 -1.7587 -0.9371 -0.2501 0.0000 -0.0614 -0.5465 1.0054 0.5458 -0.1918
0.0002 0.1000 -0.0000 0.1130 0.0003 -0.3800 0.7219 0.3072 -0.5161 -0.8447 -0.3118 0.5115 0.0000 0.0000 0.0000 -0.1089 0.9362 -1.8124 -0.9785 -0.2056 0.0000 -0.0322 -0.5296 0.9655 0.5381 -0.1411
0.0002 0.1000 -0.0000 0.1141 0.0003 -0.3800 0.7219 0.3072 -0.5161 -0.8447 -0.3118 0.5115 0.0000 0.0000 0.0000 -0.0752 0.9025 -1.7418 -0.9340 -0.1427 0.0000 -0.0107 -0.5511 1.0130 0.5565 -0.0859
0.0002 0.1000 -0.0000 0.1151 0.0003 -0.3800 0.7219 0.3072 -0.5161 -0.8447 -0.3118 0.5115 0.0000 0.0000 0.0000 -0.0368 0.8181 -1.5700 -0.8266 -0.0798 0.0000 -0.0031 -0.5987 1.1128 0.5903 -0.0368
0.0002 0.1000 -0.0000 0.1162 0.0003 -0.3800 0.7219 0.3072 -0.5161 -0.8447 -0.3118 0.5115 0.0000 0.0000 0.0000 -0.0107 0.7214 -1.3721 -0.7115 -0.0414 0.0000 -0.0077 -0.6447 1.2140 0.6302 -0.0092
0.0002 0.1000 -0.0000 0.1173 0.0003 -0.3800 0.7219 0.3072 -0.5161 -0.8447 -0.3118 0.5115 0.0000 0.0000 0.0000 -0.0107 0.6754 -1.2739 -0.6609 -0.0460 0.0000 -0.0200 -0.6754 1.2739 0.6609 -0.0153
0.0002 0.1000 -0.0000 0.1183 0.0003 -0.3800 0.7219 0.3072 -0.5161 -0.8447 -0.3118 0.5115 0.0000 0.0000 0.0000 0.0046 0.6769 -1.2601 -0.7207 -0.0138 0.0000 -0.0046 -0.6754 1.2570 0.7192 0.0154
0.0002 0.1000 -0.0000 0.1194 0.0003 -0.3800 0.7219 0.3072 -0.5161 -0.8447 -0.3118 0.5115 0.0000 0.0000 0.0000 0.0476 0.6508 -1.2156 -0.6609 0.0844 0.0000 0.0476 -0.7122 1.3429 0.7268 0.1166
0.0002 0.1000 -0.0000 0.1205 0.0004 -0.3800 0.7219 0.3072 -0.5161 -0.8447 -0.3118 0.5115 0.0000 0.0000 0.0000 0.0568 0.6048 -1.1281 -0.5918 0.1381 0.0000 0.0859 -0.8058 1.5454 0.8066 0.1795
0.0002 0.1000 -0.0000 0.1215 0.0004 -0.3800 0.7219 0.3072 -0.5161 -0.8447 -0.3118 0.5115 0.0000 0.0000 0.0000 0.0598 0.5557 -1.0268 -0.5473 0.1826 0.0000 0.1212 -0.8933 1.7280 0.9094 0.2378
0.0002 0.1000 -0.0000 0.1226 0.0004 -0.3800 0.7219 0.3072 -0.5161 -0.8447 -0.3118 0.5115 0.0000 0.0000 0.0000 0.0445 0.5296 -0.9685 -0.5351 0.1657 0.0000 0.1212 -0.9347 1.8124 0.9723 0.2302
0.0002 0.1000 -0.0000 0.1237 0.0003 -0.3800 0.7219 0.3072 -0.5161 -0.8447 -0.3118 0.5115 0.0000 0.0000 0.0000 0.0092 0.5419 -0.9854 -0.5749 0.0890 0.0000 0.0782 -0.9163 1.7618 0.9785 0.1488
0.0002 0.1000 -0.0000 0.1247 0.0003 -0.3800 0.7219 0.3072 -0.5161 -0.8447 -0.3118 0.5115 0.0000 0.0000 0.0000 -0.0046 0.5849 -1.0897 -0.5673 0.0307 0.0000 0.0368 -0.8426 1.6237 0.8419 0.0767
0.0002 0.1000 -0.0000 0.1258 0.0003 -0.3800 0.7219 0.3072 -0.5161 -0.8447 -0.3118 0.5115 0.0000 0.0000 0.0000 0.0015 0.6340 -1.1895 -0.6225 0.0046 0.0000 0.0123 -0.7444 1.4166 0.7391 0.0399
0.0002 0.1000 -0.0000 0.1269 0.0003 -0.3800 0.7219 0.3072 -0.5161 -0.8447 -0.3118 0.5115 0.0000 0.0000 0.0000 0.0138 0.6693 -1.2708 -0.6317 0.0061 0.0000 0.0061 -0.6785 1.2892 0.6409 0.0368
0.0002 0.1000 -0.0000 0.1279 0.0004 -0.3800 0.7219 0.3072 -0.5161 -0.8447 -0.3118 0.5115 0.0000 0.0000 0.0000 0.0399 0.6800 -1.2923 -0.6425 0.0537 0.0000 0.0276 -0.6800 1.2923 0.6425 0.0813
0.0002 0.1000 -0.0000 0.1290 0.0003 -0.3800 0.7219 0.3072 -0.5161 -0.8447 -0.3118 0.5115 0.0000 0.0000 0.0000 -0.0368 0.6831 -1.2800 -0.6992 -0.0967 0.0000 -0.0430 -0.6662 1.2478 0.6824 -0.0660
0.0002 0.1000 -0.0000 0.1301 0.0003 -0.3800 0.7219 0.3072 -0.5161 -0.8447 -0.3118 0.5115 0.0000 0.0000 0.0000 -0.0491 0.7567 -1.4396 -0.7591 -0.1120 0.0000 -0.0353 -0.6294 1.1772 0.6225 -0.0767
0.0002 0.1000 -0.0000 0.1311 0.0003 -0.3800 0.7219 0.3072 -0.5161 -0.8447 -0.3118 0.5115 0.0000 0.0000 0.0000 -0.1105 0.8534 -1.6452 -0.8588 -0.2225 0.0000 -0.0644 -0.5787 1.0759 0.5642 -0.1749
0.0002 0.1000 -0.0000 0.1322 0.0003 -0.3800 0.7219 0.3072 -0.5161 -0.8447 -0.3118 0.5115 0.0000 0.0000 0.0000 -0.1289 0.9209 -1.7848 -0.9509 -0.2486 0.0000 -0.0583 -0.5388 0.9885 0.5381 -0.1872
0.0002 0.1000 -0.0000 0.1332 0.0004 -0.3800 0.7219 0.3072 -0.5161 -0.8447 -0.3118 0.5115 0.0000 0.0000 0.0000 -0.1074 0.9332 -1.8032 -0.9877 -0.2056 0.0000 -0.0322 -0.5312 0.9670 0.5535 -0.1411
0.0002 0.1000 -0.0000 0.1343 0.0004 -0.3800 0.7219 0.3072 -0.5161 -0.8447 -0.3118 0.5115 0.0000 0.0000 0.0000 -0.0537 0.8841 -1.7081 -0.9048 -0.1059 0.0000 0.0031 -0.5619 1.0376 0.5565 -0.0522
0.0002 0.1000 -0.0000 0.1354 0.0004 -0.3800 0.7219 0.3072 -0.5161 -0.8447 -0.3118 0.5115 0.0000 0.0000 0.0000 -0.0337 0.7935 -1.5194 -0.7928 -0.0767 0.0000 -0.0077 -0.6110 1.1404 0.5980 -0.0368
0.0002 0.1000 -0.0000 0.1364 0.0004 -0.3800 0.7219 0.3072 -0.5161 -0.8447 -0.3118 0.5115 0.0000 0.0000 0.0000 -0.0046 0.7030 -1.3352 -0.6777 -0.0322 0.0000 -0.0061 -0.6555 1.2355 0.6271 0.0000
0.0002 0.1000 -0.0000 0.1375 0.0003 -0.3800 0.7219 0.3072 -0.5161 -0.8447 -0.3118 0.5115 0.0000 0.0000 0.0000 -0.0169 0.6769 -1.2785 -0.6639 -0.0599 0.0000 -0.0276 -0.6785 1.2815 0.6639 -0.0307
0.0002 0.1000 -0.0000 0.1386 0.0003 -0.3800 0.7219 0.3072 -0.5161 -0.8447 -0.3118 0.5115 0.0000 0.0000 0.0000 0.0184 0.6723 -1.2447 -0.7330 0.0138 0.0000 0.0092 -0.6754 1.2524 0.7376 0.0445
0.0002 0.1000 -0.0000 0.1396 0.0004 -0.3800 0.7219 0.3072 -0.5161 -0.8447 -0.3118 0.5115 0.0000 0.0000 0.0000 0.0476 0.6401 -1.1971 -0.6440 0.0936 0.0000 0.0537 -0.7322 1.3874 0.7422 0.1258
0.0002 0.1000 -0.0000 0.1407 0.0004 -0.3800 0.7219 0.3072 -0.5161 -0.8447 -0.3118 0.5115 0.0000 0.0000 0.0000 0.0675 0.5910 -1.1020 -0.5780 0.1688 0.0000 0.1043 -0.8304 1.5961 0.8343 0.2133
0.0002 0.1000 -0.0000 0.1418 0.0004 -0.3800 0.7219 0.3072 -0.5161 -0.8447 -0.3118 0.5115 0.0000 0.0000 0.0000 0.0491 0.5465 -1.0069 -0.5412 0.1672 0.0000 0.1166 -0.9086 1.7603 0.9325 0.2256
0.0002 0.1000 -0.0000 0.1428 0.0004 -0.3800 0.7219 0.3072 -0.5161 -0.8447 -0.3118 0.5115 0.0000 0.0000 0.0000 0.0353 0.5296 -0.9624 -0.5504 0.1473 0.0000 0.1120 -0.9362 1.8094 0.9908 0.2118
0.0002 0.1000 -0.0000 0.1439 0.0003 -0.3800 0.7219 0.3072 -0.5161 -0.8447 -0.3118 0.5115 0.0000 0.0000 0.0000 0.0077 0.5511 -1.0084 -0.5734 0.0798 0.0000 0.0721 -0.9025 1.7372 0.9509 0.1366
0.0002 0.1000 -0.0000 0.1450 0.0003 -0.3800 0.7219 0.3072 -0.5161 -0.8447 -0.3118 0.5115 0.0000 0.0000 0.0000 -0.0031 0.5987 -1.1143 -0.5842 0.0245 0.0000 0.0307 -0.8181 1.5715 0.8204 0.0675
0.0002 0.1000 -0.0000 0.1460 0.0003 -0.3800 0.7219 0.3072 -0.5161 -0.8447 -0.3118 0.5115 0.0000 0.0000 0.0000 -0.0046 0.6447 -1.2171 -0.6179 -0.0154 0.0000 -0.0015 -0.7214 1.3751 0.6992 0.0169
0.0002 0.1000 -0.0000 0.1471 0.0004 -0.3800 0.7219 0.3072 -0.5161 -0.8447 -0.3118 0.5115 0.0000 0.0000 0.0000 0.0169 0.6754 -1.2815 -0.6379 0.0092 0.0000 0.0077 -0.6754 1.2815 0.6379 0.0399
0.0002 0.1000 -0.0000 0.1482 0.0004 -0.3800 0.7219 0.3072 -0.5161 -0.8447 -0.3118 0.5115 0.0000 0.0000 0.0000 0.0338 0.6785 -1.2769 -0.6793 0.0429 0.0000 0.0230 -0.6785 1.2785 0.6808 0.0721
0.0002 0.1000 -0.0000 0.1492 0.0004 -0.3800 0.7219 0.3072 -0.5161 -0.8447 -0.3118 0.5115 0.0000 0.0000 0.0000 -0.0522 0.6953 -1.3107 -0.6977 -0.1258 0.0000 -0.0552 -0.6585 1.2370 0.6593 -0.0936
0.0002 0.1000 -0.0000 0.1503 0.0004 -0.3800 0.7219 0.3072 -0.5161 -0.8447 -0.3118 0.5115 0.0000 0.0000 0.0000 -0.0644 0.7813 -1.4887 -0.7898 -0.1396 0.0000 -0.0430 -0.6171 1.1511 0.6148 -0.1013
0.0002 0.1000 -0.0000 0.1514 0.0004 -0.3800 0.7219 0.3072 -0.5161 -0.8447 -0.3118 0.5115 0.0000 0.0000 0.0000 -0.1105 0.8749 -1.6897 -0.8895 -0.2179 0.0000 -0.0568 -0.5665 1.0498 0.5581 -0.1657
0.0002 0.1000 -0.0000 0.1524 0.0004 -0.3800 0.7219 0.3072 -0.5161 -0.8447 -0.3118 0.5115 0.0000 0.0000 0.0000 -0.1166 0.9301 -1.8032 -0.9601 -0.2225 0.0000 -0.0414 -0.5327 0.9777 0.5320 -0.1580
0.0002 0.1000 -0.0000 0.1535 0.0004 -0.3800 0.7219 0.3072 -0.5161 -0.8447 -0.3118 0.5115 0.0000 0.0000 0.0000 -0.0936 0.9270 -1.7894 -0.9800 -0.1780 0.0000 -0.0215 -0.5358 0.9762 0.5581 -0.1151
0.0002 0.1000 -0.0000 0.1546 0.0004 -0.3800 0.7219 0.3072 -0.5161 -0.8447 -0.3118 0.5115 0.0000 0.0000 0.0000 -0.0460 0.8641 -1.6651 -0.8818 -0.0921 0.0000 0.0046 -0.5726 1.0606 0.5688 -0.0414
0.0002 0.1000 -0.0000 0.1556 0.0004 -0.3800 0.7219 0.3072 -0.5161 -0.8447 -0.3118 0.5115 0.0000 0.0000 0.0000 -0.0245 0.7690 -1.4657 -0.7652 -0.0614 0.0000 -0.0061 -0.6232 1.1665 0.6102 -0.0245
0.0002 0.1000 -0.0000 0.1567 0.0004 -0.3800 0.7219 0.3072 -0.5161 -0.8447 -0.3118 0.5115 0.0000 0.0000 0.0000 -0.0092 0.6877 -1.3045 -0.6624 -0.0399 0.0000 -0.0138 -0.6631 1.2524 0.6363 -0.0092
0.0002 0.1000 -0.0000 0.1578 0.0004 -0.3800 0.7219 0.3072 -0.5161 -0.8447 -0.3118 0.5115 0.0000 0.0000 0.0000 -0.0153 0.6800 -1.2846 -0.6655 -0.0568 0.0000 -0.0276 -0.6800 1.2846 0.6655 -0.0291
0.0002 0.1000 -0.0000 0.1588 0.0004 -0.3800 0.7219 0.3072 -0.5161 -0.8447 -0.3118 0.5115 0.0000 0.0000 0.0000 0.0307 0.6662 -1.2386 -0.7100 0.0414 0.0000 0.0245 -0.6831 1.2708 0.7268 0.0721
0.0002 0.1000 -0.0000 0.1599 0.0004 -0.3800 0.7219 0.3072 -0.5161 -0.8447 -0.3118 0.5115 0.0000 0.0000 0.0000 0.0414 0.6294 -1.1787 -0.6164 0.0890 0.0000 0.0552 -0.7567 1.4411 0.7529 0.1243
0.0002 0.1000 -0.0000 0.1610 0.0005 -0.3800 0.7219 0.3072 -0.5161 -0.8447 -0.3118 0.5115 0.0000 0.0000 0.0000 0.0706 0.5787 -1.0759 -0.5642 0.1872 0.0000 0.1166 -0.8534 1.6452 0.8588 0.2348
0.0002 0.1000 -0.0001 0.1620 0.0005 -0.3800 0.7219 0.3072 -0.5161 -0.8447 -0.3118 0.5115 0.0000 0.0000 0.0000 0.0491 0.5388 -0.9885 -0.5381 0.1688 0.0000 0.1197 -0.9209 1.7848 0.9509 0.2302
0.0002 0.1000 -0.0001 0.1631 0.0004 -0.3800 0.7219 0.3072 -0.5161 -0.8447 -0.3118 0.5115 0.0000 0.0000 0.0000 0.0261 0.5312 -0.9639 -0.5581 0.1289 0.0000 0.1013 -0.9332 1.8001 0.9923 0.1933
0.0002 0.1000 -0.0001 0.1642 0.0004 -0.3800 0.7219 0.3072 -0.5161 -0.8447 -0.3118 0.5115 0.0000 0.0000 0.0000 -0.0031 0.5619 -1.0360 -0.5611 0.0522 0.0000 0.0537 -0.8841 1.7066 0.9094 0.1059
0.0002 0.1000 -0.0001 0.1652 0.0004 -0.3800 0.7219 0.3072 -0.5161 -0.8447 -0.3118 0.5115 0.0000 0.0000 0.0000 -0.0015 0.6110 -1.1373 -0.6087 0.0184 0.0000 0.0245 -0.7935 1.5163 0.8036 0.0583
0.0002 0.1000 -0.0001 0.1663 0.0004 -0.3800 0.7219 0.3072 -0.5161 -0.8447 -0.3118 0.5115 0.0000 0.0000 0.0000 0.0000 0.6555 -1.2355 -0.6271 -0.0123 0.0000 -0.0015 -0.7030 1.3352 0.6777 0.0200
0.0003 0.1000 -0.0001 0.1674 0.0004 -0.3800 0.7219 0.3072 -0.5161 -0.8447 -0.3118 0.5115 0.0000 0.0000 0.0000 0.0184 0.6785 -1.2877 -0.6471 0.0123 0.0000 0.0077 -0.6769 1.2846 0.6471 0.0414
0.0003 0.1000 -0.0001 0.1684 0.0004 -0.3800 0.7219 0.3072 -0.5161 -0.8447 -0.3118 0.5115 0.0000 0.0000 0.0000 0.0046 0.6754 -1.2662 -0.6916 -0.0154 0.0000 -0.0046 -0.6769 1.2693 0.6931 0.0138
0.0002 0.1000 -0.0000 0.1695 0.0004 -0.3800 0.7219 0.3072 -0.5161 -0.8447 -0.3118 0.5115 0.0000 0.0000 0.0000 -0.0445 0.7122 -1.3460 -0.7161 -0.1105 0.0000 -0.0445 -0.6508 1.2186 0.6501 -0.0782
0.0002 0.1000 -0.0000 0.1706 0.0004 -0.3800 0.7219 0.3072 -0.5161 -0.8447 -0.3118 0.5115 0.0000 0.0000 0.0000 -0.0859 0.8058 -1.5424 -0.8174 -0.1795 0.0000 -0.0568 -0.6048 1.1250 0.6026 -0.1381
0.0002 0.1000 -0.0000 0.1716 0.0004 -0.3800 0.7219 0.3072 -0.5161 -0.8447 -0.3118 0.5115 0.0000 0.0000 0.0000 -0.1212 0.8933 -1.7280 -0.9094 -0.2378 0.0000 -0.0598 -0.5557 1.0268 0.5473 -0.1826
0.0002 0.1000 -0.0000 0.1727 0.0004 -0.3800 0.7219 0.3072 -0.5161 -0.8447 -0.3118 0.5115 0.0000 0.0000 0.0000 -0.1181 0.9347 -1.8140 -0.9662 -0.2240 0.0000 -0.0414 -0.5296 0.9701 0.5289 -0.1596
0.0003 0.1000 -0.0001 0.1738 0.0004 -0.3800 0.7219 0.3072 -0.5161 -0.8447 -0.3118 0.5115 0.0000 0.0000 0.0000 -0.0844 0.9163 -1.7633 -0.9723 -0.1611 0.0000 -0.0153 -0.5419 0.9869 0.5688 -0.1013
0.0003 0.1000 -0.0001 0.1748 0.0005 -0.3800 0.7219 0.3072 -0.5161 -0.8447 -0.3118 0.5115 0.0000 0.0000 0.0000 -0.0399 0.8426 -1.6206 -0.8527 -0.0829 0.0000 0.0015 -0.5849 1.0867 0.5780 -0.0368
0.0002 0.1000 -0.0001 0.1759 0.0005 -0.3800 0.7219 0.3072 -0.5161 -0.8447 -0.3118 0.5115 0.0000 0.0000 0.0000 -0.0184 0.7444 -1.4181 -0.7345 -0.0522 0.0000 -0.0077 -0.6340 1.1910 0.6179 -0.0169
0.0002 0.1000 -0.0001 0.1770 0.0005 -0.3800 0.7219 0.3072 -0.5161 -0.8447 -0.3118 0.5115 0.0000 0.0000 0.0000 -0.0123 0.6785 -1.2846 -0.6517 -0.0491 0.0000 -0.0200 -0.6693 1.2662 0.6425 -0.0184
0.0002 0.1000 -0.0001 0.1780 0.0004 -0.3800 0.7219 0.3072 -0.5161 -0.8447 -0.3118 0.5115 0.0000 0.0000 0.0000 -0.0138 0.6785 -1.2785 -0.6808 -0.0537 0.0000 -0.0246 -0.6785 1.2769 0.6793 -0.0245
0.0003 0.1000 -0.0001 0.1791 0.0005 -0.3800 0.7219 0.3072 -0.5161 -0.8447 -0.3118 0.5115 0.0000 0.0000 0.0000 0.0460 0.6585 -1.2294 -0.6870 0.0752 0.0000 0.0430 -0.6953 1.3030 0.7253 0.1074
0.0003 0.1000 -0.0001 0.1802 0.0005 -0.3800 0.7219 0.3072 -0.5161 -0.8447 -0.3118 0.5115 0.0000 0.0000 0.0000 0.0460 0.6171 -1.1619 -0.5826 0.1074 0.0000 0.0675 -0.7813 1.4994 0.7575 0.1458
0.0003 0.1000 -0.0001 0.1812 0.0005 -0.3800 0.7219 0.3072 -0.5161 -0.8447 -0.3118 0.5115 0.0000 0.0000 0.0000 0.0629 0.5665 -1.0560 -0.5351 0.1780 0.0000 0.1166 -0.8749 1.6958 0.8665 0.2302
0.0003 0.1000 -0.0001 0.1823 0.0005 -0.3800 0.7219 0.3072 -0.5161 -0.8447 -0.3118 0.5115 0.0000 0.0000 0.0000 0.0445 0.5327 -0.9793 -0.5274 0.1642 0.0000 0.1197 -0.9301 1.8047 0.9555 0.2286
0.0003 0.1000 -0.0001 0.1834 0.0005 -0.3800 0.7219 0.3072 -0.5161 -0.8447 -0.3118 0.5115 0.0000 0.0000 0.0000 0.0215 0.5358 -0.9731 -0.5627 0.1151 0.0000 0.0936 -0.9270 1.7863 0.9846 0.1780
0.0003 0.1000 -0.0001 0.1844 0.0005 -0.3800 0.7219 0.3072 -0.5161 -0.8447 -0.3118 0.5115 0.0000 0.0000 0.0000 -0.0046 0.5726 -1.0652 -0.5535 0.0414 0.0000 0.0460 -0.8641 1.6697 0.8665 0.0921
0.0003 0.1000 -0.0001 0.1855 0.0005 -0.3800 0.7219 0.3072 -0.5161 -0.8447 -0.3118 0.5115 0.0000 0.0000 0.0000 0.0000 0.6232 -1.1649 -0.6164 0.0123 0.0000 0.0184 -0.7690 1.4641 0.7713 0.0491
0.0003 0.1000 -0.0000 0.1866 0.0005 -0.3800 0.7219 0.3072 -0.5161 -0.8447 -0.3118 0.5115 0.0000 0.0000 0.0000 0.0015 0.6631 -1.2555 -0.6317 -0.0154 0.0000 -0.0031 -0.6877 1.3076 0.6578 0.0154
0.0003 0.1000 -0.0001 0.1876 0.0005 -0.3800 0.7219 0.3072 -0.5161 -0.8447 -0.3118 0.5115 0.0000 0.0000 0.0000 0.0292 0.6800 -1.2923 -0.6425 0.0337 0.0000 0.0184 -0.6800 1.2907 0.6425 0.0629
0.0003 0.1000 -0.0001 0.1887 0.0005 -0.3800 0.7219 0.3072 -0.5161 -0.8447 -0.3118 0.5115 0.0000 0.0000 0.0000 -0.0153 0.6754 -1.2555 -0.7330 -0.0568 0.0000 -0.0246 -0.6723 1.2478 0.7284 -0.0261
0.0003 0.1000 -0.0000 0.1897 0.0005 -0.3800 0.7219 0.3072 -0.5161 -0.8447 -0.3118 0.5115 0.0000 0.0000 0.0000 -0.0476 0.7322 -1.3874 -0.7422 -0.1136 0.0000 -0.0414 -0.6401 1.1971 0.6440 -0.0813
0.0003 0.1000 -0.0000 0.1908 0.0004 -0.3800 0.7219 0.3072 -0.5161 -0.8447 -0.3118 0.5115 0.0000 0.0000 0.0000 -0.1043 0.8304 -1.5930 -0.8450 -0.2133 0.0000 -0.0675 -0.5910 1.0989 0.5888 -0.1688
0.0003 0.1000 -0.0000 0.1919 0.0005 -0.3800 0.7219 0.3072 -0.5161 -0.8447 -0.3118 0.5115 0.0000 0.0000 0.0000 -0.1258 0.9086 -1.7572 -0.9432 -0.2440 0.0000 -0.0583 -0.5465 1.0038 0.5519 -0.1856
0.0003 0.1000 -0.0000 0.1929 0.0005 -0.3800 0.7219 0.3072 -0.5161 -0.8447 -0.3118 0.5115 0.0000 0.0000 0.0000 -0.1059 0.9362 -1.8140 -0.9739 -0.1995 0.0000 -0.0292 -0.5296 0.9670 0.5335 -0.1350
0.0003 0.1000 -0.0001 0.1940 0.0005 -0.3800 0.7219 0.3072 -0.5161 -0.8447 -0.3118 0.5115 0.0000 0.0000 0.0000 -0.0752 0.9025 -1.7403 -0.9386 -0.1427 0.0000 -0.0107 -0.5511 1.0115 0.5611 -0.0859
0.0003 0.1000 -0.0001 0.1951 0.0005 -0.3800 0.7219 0.3072 -0.5161 -0.8447 -0.3118 0.5115 0.0000 0.0000 0.0000 -0.0368 0.8181 -1.5715 -0.8204 -0.0798 0.0000 -0.0031 -0.5987 1.1143 0.5842 -0.0368
0.0003 0.1000 -0.0001 0.1961 0.0005 -0.3800 0.7219 0.3072 -0.5161 -0.8447 -0.3118 0.5115 0.0000 0.0000 0.0000 -0.0107 0.7214 -1.3721 -0.7115 -0.0414 0.0000 -0.0077 -0.6447 1.2140 0.6302 -0.0092
0.0003 0.1000 -0.0001 0.1972 0.0005 -0.3800 0.7219 0.3072 -0.5161 -0.8447 -0.3118 0.5115 0.0000 0.0000 0.0000 -0.0107 0.6754 -1.2739 -0.6609 -0.0460 0.0000 -0.0200 -0.6754 1.2739 0.6609 -0.0153
0.0003 0.1000 -0.0001 0.1983 0.0005 -0.3800 0.7219 0.3072 -0.5161 -0.8447 -0.3118 0.5115 0.0000 0.0000 0.0000 0.0077 0.6769 -1.2570 -0.7330 -0.0077 0.0000 -0.0015 -0.6754 1.2539 0.7315 0.0215
0.0003 0.1000 -0.0001 0.1993 0.0005 -0.3800 0.7219 0.3072 -0.5161 -0.8447 -0.3118 0.5115 0.0000 0.0000 0.0000 0.0476 0.6508 -1.2140 -0.6655 0.0844 0.0000 0.0476 -0.7122 1.3414 0.7315 0.1166
0.0003 0.1000 -0.0001 0.2004 0.0006 -0.3800 0.7219 0.3072 -0.5161 -0.8447 -0.3118 0.5115 0.0000 0.0000 0.0000 0.0537 0.6048 -1.1296 -0.5872 0.1319 0.0000 0.0828 -0.8058 1.5470 0.8020 0.1734
0.0003 0.1000 -0.0001 0.2015 0.0006 -0.3800 0.7219 0.3072 -0.5161 -0.8447 -0.3118 0.5115 0.0000 0.0000 0.0000 0.0506 0.5557 -1.0253 -0.5519 0.1642 0.0000 0.1120 -0.8933 1.7265 0.9140 0.2194
0.0003 0.1000 -0.0001 0.2025 0.0006 -0.3800 0.7219 0.3072 -0.5161 -0.8447 -0.3118 0.5115 0.0000 0.0000 0.0000 0.0353 0.5296 -0.9670 -0.5397 0.1473 0.0000 0.1120 -0.9347 1.8109 0.9769 0.2118
0.0003 0.1000 -0.0001 0.2036 0.0005 -0.3800 0.7219 0.3072 -0.5161 -0.8447 -0.3118 0.5115 0.0000 0.0000 0.0000 0.0092 0.5419 -0.9854 -0.5749 0.0890 0.0000 0.0782 -0.9163 1.7618 0.9785 0.1488
0.0003 0.1000 -0.0001 0.2047 0.0005 -0.3800 0.7219 0.3072 -0.5161 -0.8447 -0.3118 0.5115 0.0000 0.0000 0.0000 -0.0046 0.5849 -1.0897 -0.5673 0.0307 0.0000 0.0368 -0.8426 1.6237 0.8419 0.0767
0.0003 0.1000 -0.0001 0.2057 0.0005 -0.3800 0.7219 0.3072 -0.5161 -0.8447 -0.3118 0.5115 0.0000 0.0000 0.0000 -0.0046 0.6340 -1.1910 -0.6179 -0.0077 0.0000 0.0061 -0.7444 1.4181 0.7345 0.0276
0.0003 0.1000 -0.0001 0.2068 0.0005 -0.3800 0.7219 0.3072 -0.5161 -0.8447 -0.3118 0.5115 0.0000 0.0000 0.0000 0.0107 0.6693 -1.2708 -0.6317 -0.0000 0.0000 0.0031 -0.6785 1.2892 0.6409 0.0307
0.0003 0.1000 -0.0001 0.2079 0.0006 -0.3800 0.7219 0.3072 -0.5161 -0.8447 -0.3118 0.5115 0.0000 0.0000 0.0000 0.0399 0.6800 -1.2938 -0.6379 0.0537 0.0000 0.0276 -0.6800 1.2938 0.6379 0.0813
0.0003 0.1000 -0.0000 0.2089 0.0005 -0.3800 0.7219 0.3072 -0.5161 -0.8447 -0.3118 0.5115 0.0000 0.0000 0.0000 -0.0368 0.6831 -1.2815 -0.6946 -0.0967 0.0000 -0.0430 -0.6662 1.2493 0.6777 -0.0660
0.0003 0.1000 -0.0000 0.2100 0.0005 -0.3800 0.7219 0.3072 -0.5161 -0.8447 -0.3118 0.5115 0.0000 0.0000 0.0000 -0.0552 0.7567 -1.4380 -0.7637 -0.1243 0.0000 -0.0414 -0.6294 1.1757 0.6271 -0.0890
0.0003 0.1000 -0.0000 0.2111 0.0005 -0.3800 0.7219 0.3072 -0.5161 -0.8447 -0.3118 0.5115 0.0000 0.0000 0.0000 -0.1105 0.8534 -1.6421 -0.8695 -0.2225 0.0000 -0.0644 -0.5787 1.0729 0.5749 -0.1749
0.0003 0.1000 -0.0000 0.2121 0.0005 -0.3800 0.7219 0.3072 -0.5161 -0.8447 -0.3118 0.5115 0.0000 0.0000 0.0000 -0.1227 0.9209 -1.7848 -0.9509 -0.2363 0.0000 -0.0522 -0.5388 0.9885 0.5381 -0.1749
0.0003 0.1000 -0.0000 0.2132 0.0005 -0.3800 0.7219 0.3072 -0.5161 -0.8447 -0.3118 0.5115 0.0000 0.0000 0.0000 -0.1013 0.9332 -1.8032 -0.9877 -0.1933 0.0000 -0.0261 -0.5312 0.9670 0.5535 -0.1289
0.0003 0.1000 -0.0001 0.2143 0.0005 -0.3800 0.7219 0.3072 -0.5161 -0.8447 -0.3118 0.5115 0.0000 0.0000 0.0000 -0.0568 0.8841 -1.7081 -0.9048 -0.1120 0.0000 -0.0000 -0.5619 1.0376 0.5565 -0.0583
0.0003 0.1000 -0.0001 0.2153 0.0005 -0.3800 0.7219 0.3072 -0.5161 -0.8447 -0.3118 0.5115 0.0000 0.0000 0.0000 -0.0337 0.7935 -1.5178 -0.7990 -0.0767 0.0000 -0.0077 -0.6110 1.1388 0.6041 -0.0368
0.0003 0.1000 -0.0000 0.2164 0.0005 -0.3800 0.7219 0.3072 -0.5161 -0.8447 -0.3118 0.5115 0.0000 0.0000 0.0000 -0.0077 0.7030 -1.3322 -0.6900 -0.0384 0.0000 -0.0092 -0.6555 1.2324 0.6394 -0.0061
0.0003 0.1000 -0.0000 0.2175 0.0005 -0.3800 0.7219 0.3072 -0.5161 -0.8447 -0.3118 0.5115 0.0000 0.0000 0.0000 -0.0169 0.6769 -1.2785 -0.6639 -0.0599 0.0000 -0.0276 -0.6785 1.2815 0.6639 -0.0307
0.0003 0.1000 -0.0000 0.2185 0.0005 -0.3800 0.7219 0.3072 -0.5161 -0.8447 -0.3118 0.5115 0.0000 0.0000 0.0000 0.0184 0.6723 -1.2478 -0.7284 0.0138 0.0000 0.0092 -0.6754 1.2555 0.7330 0.0445
0.0003 0.1000 -0.0001 0.2196 0.0005 -0.3800 0.7219 0.3072 -0.5161 -0.8447 -0.3118 0.5115 0.0000 0.0000 0.0000 0.0414 0.6401 -1.2002 -0.6348 0.0813 0.0000 0.0476 -0.7322 1.3905 0.7330 0.1136
0.0003 0.1000 -0.0001 0.2207 0.0005 -0.3800 0.7219 0.3072 -0.5161 -0.8447 -0.3118 0.5115 0.0000 0.0000 0.0000 0.0675 0.5910 -1.1020 -0.5780 0.1688 0.0000 0.1043 -0.8304 1.5961 0.8343 0.2133
0.0003 0.1000 -0.0001 0.2217 0.0006 -0.3800 0.7219 0.3072 -0.5161 -0.8447 -0.3118 0.5115 0.0000 0.0000 0.0000 0.0522 0.5465 -1.0069 -0.5412 0.1734 0.0000 0.1197 -0.9086 1.7603 0.9325 0.2317
0.0003 0.1000 -0.0001 0.2228 0.0005 -0.3800 0.7219 0.3072 -0.5161 -0.8447 -0.3118 0.5115 0.0000 0.0000 0.0000 0.0322 0.5296 -0.9593 -0.5550 0.1411 0.0000 0.1089 -0.9362 1.8063 0.9954 0.2056
0.0003 0.1000 -0.0001 0.2239 0.0005 -0.3800 0.7219 0.3072 -0.5161 -0.8447 -0.3118 0.5115 0.0000 0.0000 0.0000 -0.0015 0.5511 -1.0084 -0.5734 0.0614 0.0000 0.0629 -0.9025 1.7372 0.9509 0.1182
0.0003 0.1000 -0.0001 0.2249 0.0005 -0.3800 0.7219 0.3072 -0.5161 -0.8447 -0.3118 0.5115 0.0000 0.0000 0.0000 -0.0092 0.5987 -1.1143 -0.5842 0.0123 0.0000 0.0245 -0.8181 1.5715 0.8204 0.0553
0.0003 0.1000 -0.0001 0.2260 0.0005 -0.3800 0.7219 0.3072 -0.5161 -0.8447 -0.3118 0.5115 0.0000 0.0000 0.0000 -0.0046 0.6447 -1.2171 -0.6179 -0.0154 0.0000 -0.0015 -0.7214 1.3751 0.6992 0.0169
0.0003 0.1000 -0.0001 0.2271 0.0005 -0.3800 0.7219 0.3072 -0.5161 -0.8447 -0.3118 0.5115 0.0000 0.0000 0.0000 0.0169 0.6754 -1.2815 -0.6379 0.0092 0.0000 0.0077 -0.6754 1.2815 0.6379 0.0399
0.0003 0.1000 -0.0001 0.2281 0.0006 -0.3800 0.7219 0.3072 -0.5161 -0.8447 -0.3118 0.5115 0.0000 0.0000 0.0000 0.0338 0.6785 -1.2785 -0.6747 0.0429 0.0000 0.0230 -0.6785 1.2800 0.6762 0.0721
0.0003 0.1000 -0.0001 0.2292 0.0005 -0.3800 0.7219 0.3072 -0.5161 -0.8447 -0.3118 0.5115 0.0000 0.0000 0.0000 -0.0522 0.6953 -1.3107 -0.6977 -0.1258 0.0000 -0.0552 -0.6585 1.2370 0.6593 -0.0936
0.0003 0.1000 -0.0001 0.2303 0.0006 -0.3800 0.7219 0.3072 -0.5161 -0.8447 -0.3118 0.5115 0.0000 0.0000 0.0000 -0.0675 0.7813 -1.4887 -0.7898 -0.1458 0.0000 -0.0460 -0.6171 1.1511 0.6148 -0.1074
0.0003 0.1000 -0.0001 0.2313 0.0006 -0.3800 0.7219 0.3072 -0.5161 -0.8447 -0.3118 0.5115 0.0000 0.0000 0.0000 -0.1105 0.8749 -1.6912 -0.8834 -0.2179 0.0000 -0.0568 -0.5665 1.0514 0.5519 -0.1657
0.0003 0.1000 -0.0001 0.2324 0.0006 -0.3800 0.7219 0.3072 -0.5161 -0.8447 -0.3118 0.5115 0.0000 0.0000 0.0000 -0.1227 0.9301 -1.8032 -0.9601 -0.2348 0.0000 -0.0476 -0.5327 0.9777 0.5320 -0.1703
0.0003 0.1000 -0.0001 0.2335 0.0006 -0.3800 0.7219 0.3072 -0.5161 -0.8447 -0.3118 0.5115 0.0000 0.0000 0.0000 -0.0997 0.9270 -1.7863 -0.9846 -0.1903 0.0000 -0.0276 -0.5358 0.9731 0.5627 -0.1273
0.0003 0.1000 -0.0001 0.2345 0.0006 -0.3800 0.7219 0.3072 -0.5161 -0.8447 -0.3118 0.5115 0.0000 0.0000 0.0000 -0.0460 0.8641 -1.6651 -0.8818 -0.0921 0.0000 0.0046 -0.5726 1.0606 0.5688 -0.0414
0.0003 0.1000 -0.0001 0.2356 0.0006 -0.3800 0.7219 0.3072 -0.5161 -0.8447 -0.3118 0.5115 0.0000 0.0000 0.0000 -0.0276 0.7690 -1.4641 -0.7713 -0.0675 0.0000 -0.0092 -0.6232 1.1649 0.6164 -0.0307
0.0003 0.1000 -0.0001 0.2367 0.0006 -0.3800 0.7219 0.3072 -0.5161 -0.8447 -0.3118 0.5115 0.0000 0.0000 0.0000 -0.0092 0.6877 -1.3045 -0.6624 -0.0399 0.0000 -0.0138 -0.6631 1.2524 0.6363 -0.0092
0.0003 0.1000 -0.0001 0.2377 0.0006 -0.3800 0.7219 0.3072 -0.5161 -0.8447 -0.3118 0.5115 0.0000 0.0000 0.0000 -0.0184 0.6800 -1.2846 -0.6655 -0.0629 0.0000 -0.0307 -0.6800 1.2846 0.6655 -0.0353
0.0003 0.1000 -0.0001 0.2388 0.0006 -0.3800 0.7219 0.3072 -0.5161 -0.8447 -0.3118 0.5115 0.0000 0.0000 0.0000 0.0307 0.6662 -1.2401 -0.7054 0.0414 0.0000 0.0245 -0.6831 1.2723 0.7222 0.0721
0.0003 0.1000 -0.0001 0.2399 0.0006 -0.3800 0.7219 0.3072 -0.5161 -0.8447 -0.3118 0.5115 0.0000 0.0000 0.0000 0.0353 0.6294 -1.1803 -0.6118 0.0767 0.0000 0.0491 -0.7567 1.4426 0.7483 0.1120
0.0004 0.1000 -0.0001 0.2409 0.0007 -0.3800 0.7219 0.3072 -0.5161 -0.8447 -0.3118 0.5115 0.0000 0.0000 0.0000 0.0675 0.5787 -1.0775 -0.5596 0.1810 0.0000 0.1135 -0.8534 1.6467 0.8542 0.2286
0.0004 0.1000 -0.0001 0.2420 0.0007 -0.3800 0.7219 0.3072 -0.5161 -0.8447 -0.3118 0.5115 0.0000 0.0000 0.0000 0.0491 0.5388 -0.9900 -0.5335 0.1688 0.0000 0.1197 -0.9209 1.7863 0.9463 0.2302
0.0004 0.1000 -0.0001 0.2430 0.0006 -0.3800 0.7219 0.3072 -0.5161 -0.8447 -0.3118 0.5115 0.0000 0.0000 0.0000 0.0322 0.5312 -0.9639 -0.5581 0.1411 0.0000 0.1074 -0.9332 1.8001 0.9923 0.2056
0.0003 0.1000 -0.0001 0.2441 0.0006 -0.3800 0.7219 0.3072 -0.5161 -0.8447 -0.3118 0.5115 0.0000 0.0000 0.0000 0.0061 0.5619 -1.0360 -0.5611 0.0706 0.0000 0.0629 -0.8841 1.7066 0.9094 0.1243
0.0003 0.1000 -0.0001 0.2452 0.0006 -0.3800 0.7219 0.3072 -0.5161 -0.8447 -0.3118 0.5115 0.0000 0.0000 0.0000 0.0015 0.6110 -1.1388 -0.6041 0.0245 0.0000 0.0276 -0.7935 1.5178 0.7990 0.0645
0.0003 0.1000 -0.0001 0.2462 0.0006 -0.3800 0.7219 0.3072 -0.5161 -0.8447 -0.3118 0.5115 0.0000 0.0000 0.0000 0.0000 0.6555 -1.2386 -0.6225 -0.0123 0.0000 -0.0015 -0.7030 1.3383 0.6731 0.0200
0.0003 0.1000 -0.0001 0.2473 0.0006 -0.3800 0.7219 0.3072 -0.5161 -0.8447 -0.3118 0.5115 0.0000 0.0000 0.0000 0.0184 0.6785 -1.2877 -0.6471 0.0123 0.0000 0.0077 -0.6769 1.2846 0.6471 0.0414
0.0003 0.1000 -0.0001 0.2484 0.0006 -0.3800 0.7219 0.3072 -0.5161 -0.8447 -0.3118 0.5115 0.0000 0.0000 0.0000 0.0015 0.6754 -1.2601 -0.7084 -0.0215 0.0000 -0.0077 -0.6769 1.2631 0.7100 0.0077
0.0003 0.1000 -0.0001 0.2494 0.0006 -0.3800 0.7219 0.3072 -0.5161 -0.8447 -0.3118 0.5115 0.0000 0.0000 0.0000 -0.0476 0.7122 -1.3460 -0.7161 -0.1166 0.0000 -0.0476 -0.6508 1.2186 0.6501 -0.0844
0.0003 0.1000 -0.0001 0.2505 0.0006 -0.3800 0.7219 0.3072 -0.5161 -0.8447 -0.3118 0.5115 0.0000 0.0000 0.0000 -0.0859 0.8058 -1.5424 -0.8174 -0.1795 0.0000 -0.0568 -0.6048 1.1250 0.6026 -0.1381
0.0003 0.1000 -0.0001 0.2516 0.0006 -0.3800 0.7219 0.3072 -0.5161 -0.8447 -0.3118 0.5115 0.0000 0.0000 0.0000 -0.1151 0.8933 -1.7265 -0.9140 -0.2256 0.0000 -0.0537 -0.5557 1.0253 0.5519 -0.1703
0.0003 0.1000 -0.0001 0.2526 0.0006 -0.3800 0.7219 0.3072 -0.5161 -0.8447 -0.3118 0.5115 0.0000 0.0000 0.0000 -0.1089 0.9347 -1.8124 -0.9723 -0.2056 0.0000 -0.0322 -0.5296 0.9685 0.5351 -0.1411
0.0004 0.1000 -0.0001 0.2537 0.0006 -0.3800 0.7219 0.3072 -0.5161 -0.8447 -0.3118 0.5115 0.0000 0.0000 0.0000 -0.0844 0.9163 -1.7633 -0.9723 -0.1611 0.0000 -0.0153 -0.5419 0.9869 0.5688 -0.1013
0.0004 0.1000 -0.0001 0.2548 0.0006 -0.3800 0.7219 0.3072 -0.5161 -0.8447 -0.3118 0.5115 0.0000 0.0000 0.0000 -0.0430 0.8426 -1.6206 -0.8527 -0.0890 0.0000 -0.0015 -0.5849 1.0867 0.5780 -0.0429
0.0004 0.1000 -0.0001 0.2558 0.0007 -0.3800 0.7219 0.3072 -0.5161 -0.8447 -0.3118 0.5115 0.0000 0.0000 0.0000 -0.0153 0.7444 -1.4181 -0.7345 -0.0460 0.0000 -0.0046 -0.6340 1.1910 0.6179 -0.0107
0.0003 0.1000 -0.0001 0.2569 0.0006 -0.3800 0.7219 0.3072 -0.5161 -0.8447 -0.3118 0.5115 0.0000 0.0000 0.0000 -0.0123 0.6785 -1.2846 -0.6517 -0.0491 0.0000 -0.0200 -0.6693 1.2662 0.6425 -0.0184
0.0003 0.1000 -0.0001 0.2580 0.0006 -0.3800 0.7219 0.3072 -0.5161 -0.8447 -0.3118 0.5115 0.0000 0.0000 0.0000 -0.0261 0.6785 -1.2861 -0.6532 -0.0783 0.0000 -0.0368 -0.6785 1.2846 0.6517 -0.0491
0.0004 0.1000 -0.0001 0.2590 0.0006 -0.3800 0.7219 0.3072 -0.5161 -0.8447 -0.3118 0.5115 0.0000 0.0000 0.0000 0.0399 0.6585 -1.2294 -0.6870 0.0629 0.0000 0.0368 -0.6953 1.3030 0.7253 0.0951
0.0004 0.1000 -0.0001 0.2601 0.0007 -0.3800 0.7219 0.3072 -0.5161 -0.8447 -0.3118 0.5115 0.0000 0.0000 0.0000 0.0430 0.6171 -1.1557 -0.5995 0.1013 0.0000 0.0644 -0.7813 1.4933 0.7744 0.1396
0.0004 0.1000 -0.0001 0.2612 0.0007 -0.3800 0.7219 0.3072 -0.5161 -0.8447 -0.3118 0.5115 0.0000 0.0000 0.0000 0.0691 0.5665 -1.0529 -0.5473 0.1902 0.0000 0.1227 -0.8749 1.6927 0.8787 0.2424
0.0004 0.1000 -0.0001 0.2622 0.0007 -0.3800 0.7219 0.3072 -0.5161 -0.8447 -0.3118 0.5115 0.0000 0.0000 0.0000 0.0476 0.5327 -0.9777 -0.5320 0.1703 0.0000 0.1227 -0.9301 1.8032 0.9601 0.2348
0.0004 0.1000 -0.0001 0.2633 0.0006 -0.3800 0.7219 0.3072 -0.5161 -0.8447 -0.3118 0.5115 0.0000 0.0000 0.0000 0.0215 0.5358 -0.9701 -0.5734 0.1151 0.0000 0.0936 -0.9270 1.7833 0.9954 0.1780
0.0004 0.1000 -0.0001 0.2644 0.0007 -0.3800 0.7219 0.3072 -0.5161 -0.8447 -0.3118 0.5115 0.0000 0.0000 0.0000 -0.0015 0.5726 -1.0637 -0.5581 0.0476 0.0000 0.0491 -0.8641 1.6682 0.8711 0.0982
0.0004 0.1000 -0.0001 0.2654 0.0007 -0.3800 0.7219 0.3072 -0.5161 -0.8447 -0.3118 0.5115 0.0000 0.0000 0.0000 0.0031 0.6232 -1.1649 -0.6164 0.0184 0.0000 0.0215 -0.7690 1.4641 0.7713 0.0553
0.0004 0.1000 -0.0001 0.2665 0.0007 -0.3800 0.7219 0.3072 -0.5161 -0.8447 -0.3118 0.5115 0.0000 0.0000 0.0000 0.0046 0.6631 -1.2555 -0.6317 -0.0092 0.0000 -0.0000 -0.6877 1.3076 0.6578 0.0215
0.0004 0.1000 -0.0001 0.2676 0.0007 -0.3800 0.7219 0.3072 -0.5161 -0.8447 -0.3118 0.5115 0.0000 0.0000 0.0000 0.0261 0.6800 -1.2907 -0.6486 0.0276 0.0000 0.0153 -0.6800 1.2892 0.6486 0.0568
0.0004 0.1000 -0.0001 0.2686 0.0006 -0.3800 0.7219 0.3072 -0.5161 -0.8447 -0.3118 0.5115 0.0000 0.0000 0.0000 -0.0245 0.6754 -1.2601 -0.7161 -0.0752 0.0000 -0.0338 -0.6723 1.2524 0.7115 -0.0445
0.0004 0.1000 -0.0001 0.2697 0.0006 -0.3800 0.7219 0.3072 -0.5161 -0.8447 -0.3118 0.5115 0.0000 0.0000 0.0000 -0.0414 0.7322 -1.3905 -0.7330 -0.1013 0.0000 -0.0353 -0.6401 1.2002 0.6348 -0.0690
0.0004 0.1000 -0.0001 0.2708 0.0006 -0.3800 0.7219 0.3072 -0.5161 -0.8447 -0.3118 0.5115 0.0000 0.0000 0.0000 -0.1043 0.8304 -1.5961 -0.8343 -0.2133 0.0000 -0.0675 -0.5910 1.1020 0.5780 -0.1688
0.0004 0.1000 -0.0001 0.2718 0.0006 -0.3800 0.7219 0.3072 -0.5161 -0.8447 -0.3118 0.5115 0.0000 0.0000 0.0000 -0.1289 0.9086 -1.7603 -0.9325 -0.2501 0.0000 -0.0614 -0.5465 1.0069 0.5412 -0.1918
0.0004 0.1000 -0.0001 0.2729 0.0007 -0.3800 0.7219 0.3072 -0.5161 -0.8447 -0.3118 0.5115 0.0000 0.0000 0.0000 -0.1120 0.9362 -1.8124 -0.9785 -0.2118 0.0000 -0.0353 -0.5296 0.9655 0.5381 -0.1473
0.0004 0.1000 -0.0001 0.2740 0.0007 -0.3800 0.7219 0.3072 -0.5161 -0.8447 -0.3118 0.5115 0.0000 0.0000 0.0000 -0.0721 0.9025 -1.7418 -0.9340 -0.1366 0.0000 -0.0077 -0.5511 1.0130 0.5565 -0.0798
0.0004 0.1000 -0.0001 0.2750 0.0007 -0.3800 0.7219 0.3072 -0.5161 -0.8447 -0.3118 0.5115 0.0000 0.0000 0.0000 -0.0368 0.8181 -1.5715 -0.8204 -0.0798 0.0000 -0.0031 -0.5987 1.1143 0.5842 -0.0368
0.0004 0.1000 -0.0001 0.2761 0.0007 -0.3800 0.7219 0.3072 -0.5161 -0.8447 -0.3118 0.5115 0.0000 0.0000 0.0000 -0.0077 0.7214 -1.3751 -0.6992 -0.0353 0.0000 -0.0046 -0.6447 1.2171 0.6179 -0.0031
0.0004 0.1000 -0.0001 0.2772 0.0007 -0.3800 0.7219 0.3072 -0.5161 -0.8447 -0.3118 0.5115 0.0000 0.0000 0.0000 -0.0138 0.6754 -1.2739 -0.6609 -0.0522 0.0000 -0.0230 -0.6754 1.2739 0.6609 -0.0215
0.0004 0.1000 -0.0001 0.2782 0.0007 -0.3800 0.7219 0.3072 -0.5161 -0.8447 -0.3118 0.5115 0.0000 0.0000 0.0000 0.0077 0.6769 -1.2601 -0.7207 -0.0077 0.0000 -0.0015 -0.6754 1.2570 0.7192 0.0215
0.0004 0.1000 -0.0001 0.2793 0.0007 -0.3800 0.7219 0.3072 -0.5161 -0.8447 -0.3118 0.5115 0.0000 0.0000 0.0000 0.0445 0.6508 -1.2110 -0.6777 0.0782 0.0000 0.0445 -0.7122 1.3383 0.7437 0.1105
0.0004 0.1000 -0.0001 0.2804 0.0007 -0.3800 0.7219 0.3072 -0.5161 -0.8447 -0.3118 0.5115 0.0000 0.0000 0.0000 0.0537 0.6048 -1.1281 -0.5918 0.1319 0.0000 0.0828 -0.8058 1.5454 0.8066 0.1734
0.0004 0.1000 -0.0001 0.2814 0.0007 -0.3800 0.7219 0.3072 -0.5161 -0.8447 -0.3118 0.5115 0.0000 0.0000 0.0000 0.0598 0.5557 -1.0268 -0.5473 0.1826 0.0000 0.1212 -0.8933 1.7280 0.9094 0.2378
0.0004 0.1000 -0.0001 0.2825 0.0007 -0.3800 0.7219 0.3072 -0.5161 -0.8447 -0.3118 0.5115 0.0000 0.0000 0.0000 0.0445 0.5296 -0.9685 -0.5351 0.1657 0.0000 0.1212 -0.9347 1.8124 0.9723 0.2302
0.0004 0.1000 -0.0001 0.2836 0.0007 -0.3800 0.7219 0.3072 -0.5161 -0.8447 -0.3118 0.5115 0.0000 0.0000 0.0000 0.0123 0.5419 -0.9854 -0.5749 0.0951 0.0000 0.0813 -0.9163 1.7618 0.9785 0.1550
0.0004 0.1000 -0.0001 0.2846 0.0007 -0.3800 0.7219 0.3072 -0.5161 -0.8447 -0.3118 0.5115 0.0000 0.0000 0.0000 -0.0015 0.5849 -1.0897 -0.5673 0.0368 0.0000 0.0399 -0.8426 1.6237 0.8419 0.0829
0.0004 0.1000 -0.0001 0.2857 0.0007 -0.3800 0.7219 0.3072 -0.5161 -0.8447 -0.3118 0.5115 0.0000 0.0000 0.0000 0.0046 0.6340 -1.1910 -0.6179 0.0107 0.0000 0.0153 -0.7444 1.4181 0.7345 0.0460
0.0004 0.1000 -0.0001 0.2868 0.0007 -0.3800 0.7219 0.3072 -0.5161 -0.8447 -0.3118 0.5115 0.0000 0.0000 0.0000 0.0107 0.6693 -1.2693 -0.6379 -0.0000 0.0000 0.0031 -0.6785 1.2877 0.6471 0.0307
0.0004 0.1000 -0.0001 0.2878 0.0007 -0.3800 0.7219 0.3072 -0.5161 -0.8447 -0.3118 0.5115 0.0000 0.0000 0.0000 0.0430 0.6800 -1.2907 -0.6486 0.0598 0.0000 0.0307 -0.6800 1.2907 0.6486 0.0875
0.0004 0.1000 -0.0001 0.2889 0.0007 -0.3800 0.7219 0.3072 -0.5161 -0.8447 -0.3118 0.5115 0.0000 0.0000 0.0000 -0.0399 0.6831 -1.2831 -0.6885 -0.1028 0.0000 -0.0460 -0.6662 1.2508 0.6716 -0.0721
0.0004 0.1000 -0.0001 0.2900 0.0007 -0.3800 0.7219 0.3072 -0.5161 -0.8447 -0.3118 0.5115 0.0000 0.0000 0.0000 -0.0491 0.7567 -1.4411 -0.7529 -0.1120 0.0000 -0.0353 -0.6294 1.1787 0.6164 -0.0767
0.0004 0.1000 -0.0001 0.2910 0.0006 -0.3800 0.7219 0.3072 -0.5161 -0.8447 -0.3118 0.5115 0.0000 0.0000 0.0000 -0.1105 0.8534 -1.6452 -0.8588 -0.2225 0.0000 -0.0644 -0.5787 1.0759 0.5642 -0.1749
0.0004 0.1000 -0.0001 0.2921 0.0007 -0.3800 0.7219 0.3072 -0.5161 -0.8447 -0.3118 0.5115 0.0000 0.0000 0.0000 -0.1227 0.9209 -1.7848 -0.9509 -0.2363 0.0000 -0.0522 -0.5388 0.9885 0.5381 -0.1749
0.0004 0.1000 -0.0001 0.2932 0.0007 -0.3800 0.7219 0.3072 -0.5161 -0.8447 -0.3118 0.5115 0.0000 0.0000 0.0000 -0.1043 0.9332 -1.8032 -0.9877 -0.1995 0.0000 -0.0292 -0.5312 0.9670 0.5535 -0.1350
0.0004 0.1000 -0.0001 0.2942 0.0007 -0.3800 0.7219 0.3072 -0.5161 -0.8447 -0.3118 0.5115 0.0000 0.0000 0.0000 -0.0537 0.8841 -1.7081 -0.9048 -0.1059 0.0000 0.0031 -0.5619 1.0376 0.5565 -0.0522
0.0004 0.1000 -0.0001 0.2953 0.0007 -0.3800 0.7219 0.3072 -0.5161 -0.8447 -0.3118 0.5115 0.0000 0.0000 0.0000 -0.0337 0.7935 -1.5178 -0.7990 -0.0767 0.0000 -0.0077 -0.6110 1.1388 0.6041 -0.0368
0.0004 0.1000 -0.0001 0.2963 0.0007 -0.3800 0.7219 0.3072 -0.5161 -0.8447 -0.3118 0.5115 0.0000 0.0000 0.0000 -0.0046 0.7030 -1.3352 -0.6777 -0.0322 0.0000 -0.0061 -0.6555 1.2355 0.6271 0.0000
0.0004 0.1000 -0.0001 0.2974 0.0007 -0.3800 0.7219 0.3072 -0.5161 -0.8447 -0.3118 0.5115 0.0000 0.0000 0.0000 -0.0107 0.6769 -1.2785 -0.6639 -0.0476 0.0000 -0.0215 -0.6785 1.2815 0.6639 -0.0184
0.0004 0.1000 -0.0001 0.2985 0.0007 -0.3800 0.7219 0.3072 -0.5161 -0.8447 -0.3118 0.5115 0.0000 0.0000 0.0000 0.0215 0.6723 -1.2432 -0.7391 0.0199 0.0000 0.0123 -0.6754 1.2508 0.7437 0.0506
0.0004 0.1000 -0.0001 0.2995 0.0007 -0.3800 0.7219 0.3072 -0.5161 -0.8447 -0.3118 0.5115 0.0000 0.0000 0.0000 0.0445 0.6401 -1.1987 -0.6394 0.0874 0.0000 0.0506 -0.7322 1.3889 0.7376 0.1197
0.0004 0.1000 -0.0001 0.3006 0.0007 -0.3800 0.7219 0.3072 -0.5161 -0.8447 -0.3118 0.5115 0.0000 0.0000 0.0000 0.0583 0.5910 -1.1020 -0.5780 0.1504 0.0000 0.0951 -0.8304 1.5961 0.8343 0.1949
0.0004 0.1000 -0.0001 0.3017 0.0007 -0.3800 0.7219 0.3072 -0.5161 -0.8447 -0.3118 0.5115 0.0000 0.0000 0.0000 0.0491 0.5465 -1.0054 -0.5458 0.1672 0.0000 0.1166 -0.9086 1.7587 0.9371 0.2256
0.0004 0.1000 -0.0001 0.3027 0.0007 -0.3800 0.7219 0.3072 -0.5161 -0.8447 -0.3118 0.5115 0.0000 0.0000 0.0000 0.0353 0.5296 -0.9593 -0.5550 0.1473 0.0000 0.1120 -0.9362 1.8063 0.9954 0.2118
0.0004 0.1000 -0.0001 0.3038 0.0007 -0.3800 0.7219 0.3072 -0.5161 -0.8447 -0.3118 0.5115 0.0000 0.0000 0.0000 0.0077 0.5511 -1.0054 -0.5780 0.0798 0.0000 0.0721 -0.9025 1.7342 0.9555 0.1366
0.0004 0.1000 -0.0001 0.3049 0.0007 -0.3800 0.7219 0.3072 -0.5161 -0.8447 -0.3118 0.5115 0.0000 0.0000 0.0000 -0.0092 0.5987 -1.1143 -0.5842 0.0123 0.0000 0.0245 -0.8181 1.5715 0.8204 0.0553
0.0004 0.1000 -0.0001 0.3059 0.0007 -0.3800 0.7219 0.3072 -0.5161 -0.8447 -0.3118 0.5115 0.0000 0.0000 0.0000 -0.0046 0.6447 -1.2171 -0.6179 -0.0154 0.0000 -0.0015 -0.7214 1.3751 0.6992 0.0169
0.0004 0.1000 -0.0001 0.3070 0.0007 -0.3800 0.7219 0.3072 -0.5161 -0.8447 -0.3118 0.5115 0.0000 0.0000 0.0000 0.0169 0.6754 -1.2815 -0.6379 0.0092 0.0000 0.0077 -0.6754 1.2815 0.6379 0.0399
0.0004 0.1000 -0.0001 0.3081 0.0008 -0.3800 0.7219 0.3072 -0.5161 -0.8447 -0.3118 0.5115 0.0000 0.0000 0.0000 0.0338 0.6785 -1.2815 -0.6639 0.0429 0.0000 0.0230 -0.6785 1.2831 0.6655 0.0721
0.0004 0.1000 -0.0001 0.3091 0.0007 -0.3800 0.7219 0.3072 -0.5161 -0.8447 -0.3118 0.5115 0.0000 0.0000 0.0000 -0.0460 0.6953 -1.3138 -0.6870 -0.1136 0.0000 -0.0491 -0.6585 1.2401 0.6486 -0.0813
0.0004 0.1000 -0.0001 0.3102 0.0007 -0.3800 0.7219 0.3072 -0.5161 -0.8447 -0.3118 0.5115 0.0000 0.0000 0.0000 -0.0644 0.7813 -1.4887 -0.7898 -0.1396 0.0000 -0.0430 -0.6171 1.1511 0.6148 -0.1013
0.0004 0.1000 -0.0001 0.3113 0.0007 -0.3800 0.7219 0.3072 -0.5161 -0.8447 -0.3118 0.5115 0.0000 0.0000 0.0000 -0.1105 0.8749 -1.6897 -0.8895 -0.2179 0.0000 -0.0568 -0.5665 1.0498 0.5581 -0.1657
0.0004 0.1000 -0.0001 0.3123 0.0007 -0.3800 0.7219 0.3072 -0.5161 -0.8447 -0.3118 0.5115 0.0000 0.0000 0.0000 -0.1166 0.9301 -1.8017 -0.9662 -0.2225 0.0000 -0.0414 -0.5327 0.9762 0.5381 -0.1580
0.0004 0.1000 -0.0001 0.3134 0.0008 -0.3800 0.7219 0.3072 -0.5161 -0.8447 -0.3118 0.5115 0.0000 0.0000 0.0000 -0.0997 0.9270 -1.7848 -0.9908 -0.1903 0.0000 -0.0276 -0.5358 0.9716 0.5688 -0.1273
0.0004 0.1000 -0.0001 0.3145 0.0008 -0.3800 0.7219 0.3072 -0.5161 -0.8447 -0.3118 0.5115 0.0000 0.0000 0.0000 -0.0491 0.8641 -1.6651 -0.8818 -0.0982 0.0000 0.0015 -0.5726 1.0606 0.5688 -0.0476
0.0004 0.1000 -0.0001 0.3155 0.0008 -0.3800 0.7219 0.3072 -0.5161 -0.8447 -0.3118 0.5115 0.0000 0.0000 0.0000 -0.0276 0.7690 -1.4641 -0.7713 -0.0675 0.0000 -0.0092 -0.6232 1.1649 0.6164 -0.0307
0.0004 0.1000 -0.0001 0.3166 0.0008 -0.3800 0.7219 0.3072 -0.5161 -0.8447 -0.3118 0.5115 0.0000 0.0000 0.0000 -0.0123 0.6877 -1.3045 -0.6624 -0.0460 0.0000 -0.0169 -0.6631 1.2524 0.6363 -0.0153
0.0004 0.1000 -0.0001 0.3177 0.0007 -0.3800 0.7219 0.3072 -0.5161 -0.8447 -0.3118 0.5115 0.0000 0.0000 0.0000 -0.0184 0.6800 -1.2877 -0.6532 -0.0629 0.0000 -0.0307 -0.6800 1.2877 0.6532 -0.0353
0.0004 0.1000 -0.0001 0.3187 0.0008 -0.3800 0.7219 0.3072 -0.5161 -0.8447 -0.3118 0.5115 0.0000 0.0000 0.0000 0.0368 0.6662 -1.2401 -0.7054 0.0537 0.0000 0.0307 -0.6831 1.2723 0.7222 0.0844
0.0004 0.1000 -0.0001 0.3198 0.0008 -0.3800 0.7219 0.3072 -0.5161 -0.8447 -0.3118 0.5115 0.0000 0.0000 0.0000 0.0414 0.6294 -1.1864 -0.5949 0.0890 0.0000 0.0552 -0.7567 1.4488 0.7315 0.1243
0.0004 0.1000 -0.0001 0.3209 0.0008 -0.3800 0.7219 0.3072 -0.5161 -0.8447 -0.3118 0.5115 0.0000 0.0000 0.0000 0.0675 0.5787 -1.0775 -0.5596 0.1810 0.0000 0.1135 -0.8534 1.6467 0.8542 0.2286
0.0004 0.1000 -0.0001 0.3219 0.0008 -0.3800 0.7219 0.3072 -0.5161 -0.8447 -0.3118 0.5115 0.0000 0.0000 0.0000 0.0522 0.5388 -0.9900 -0.5335 0.1749 0.0000 0.1227 -0.9209 1.7863 0.9463 0.2363
0.0004 0.1000 -0.0001 0.3230 0.0007 -0.3800 0.7219 0.3072 -0.5161 -0.8447 -0.3118 0.5115 0.0000 0.0000 0.0000 0.0292 0.5312 -0.9624 -0.5642 0.1350 0.0000 0.1043 -0.9332 1.7986 0.9984 0.1995
0.0004 0.1000 -0.0001 0.3241 0.0007 -0.3800 0.7219 0.3072 -0.5161 -0.8447 -0.3118 0.5115 0.0000 0.0000 0.0000 0.0000 0.5619 -1.0360 -0.5611 0.0583 0.0000 0.0568 -0.8841 1.7066 0.9094 0.1120
0.0004 0.1000 -0.0001 0.3251 0.0007 -0.3800 0.7219 0.3072 -0.5161 -0.8447 -0.3118 0.5115 0.0000 0.0000 0.0000 -0.0015 0.6110 -1.1388 -0.6041 0.0184 0.0000 0.0245 -0.7935 1.5178 0.7990 0.0583
0.0004 0.1000 -0.0001 0.3262 0.0007 -0.3800 0.7219 0.3072 -0.5161 -0.8447 -0.3118 0.5115 0.0000 0.0000 0.0000 0.0000 0.6555 -1.2355 -0.6271 -0.0123 0.0000 -0.0015 -0.7030 1.3352 0.6777 0.0200
0.0004 0.1000 -0.0001 0.3273 0.0008 -0.3800 0.7219 0.3072 -0.5161 -0.8447 -0.3118 0.5115 0.0000 0.0000 0.0000 0.0184 0.6785 -1.2892 -0.6409 0.0123 0.0000 0.0077 -0.6769 1.2861 0.6409 0.0414
0.0004 0.1000 -0.0001 0.3283 0.0008 -0.3800 0.7219 0.3072 -0.5161 -0.8447 -0.3118 0.5115 0.0000 0.0000 0.0000 0.0015 0.6754 -1.2631 -0.7038 -0.0215 0.0000 -0.0077 -0.6769 1.2662 0.7054 0.0077
0.0004 0.1000 -0.0001 0.3294 0.0007 -0.3800 0.7219 0.3072 -0.5161 -0.8447 -0.3118 0.5115 0.0000 0.0000 0.0000 -0.0476 0.7122 -1.3475 -0.7115 -0.1166 0.0000 -0.0476 -0.6508 1.2202 0.6455 -0.0844
0.0004 0.1000 -0.0001 0.3305 0.0007 -0.3800 0.7219 0.3072 -0.5161 -0.8447 -0.3118 0.5115 0.0000 0.0000 0.0000 -0.0890 0.8058 -1.5439 -0.8128 -0.1857 0.0000 -0.0598 -0.6048 1.1266 0.5980 -0.1442
0.0004 0.1000 -0.0001 0.3315 0.0007 -0.3800 0.7219 0.3072 -0.5161 -0.8447 -0.3118 0.5115 0.0000 0.0000 0.0000 -0.1212 0.8933 -1.7296 -0.9033 -0.2378 0.0000 -0.0598 -0.5557 1.0284 0.5412 -0.1826
0.0004 0.1000 -0.0001 0.3326 0.0008 -0.3800 0.7219 0.3072 -0.5161 -0.8447 -0.3118 0.5115 0.0000 0.0000 0.0000 -0.1181 0.9347 -1.8124 -0.9723 -0.2240 0.0000 -0.0414 -0.5296 0.9685 0.5351 -0.1596
0.0004 0.1000 -0.0001 0.3337 0.0008 -0.3800 0.7219 0.3072 -0.5161 -0.8447 -0.3118 0.5115 0.0000 0.0000 0.0000 -0.0813 0.9163 -1.7618 -0.9785 -0.1550 0.0000 -0.0123 -0.5419 0.9854 0.5749 -0.0951
0.0004 0.1000 -0.0001 0.3347 0.0008 -0.3800 0.7219 0.3072 -0.5161 -0.8447 -0.3118 0.5115 0.0000 0.0000 0.0000 -0.0399 0.8426 -1.6206 -0.8527 -0.0829 0.0000 0.0015 -0.5849 1.0867 0.5780 -0.0368
0.0004 0.1000 -0.0001 0.3358 0.0008 -0.3800 0.7219 0.3072 -0.5161 -0.8447 -0.3118 0.5115 0.0000 0.0000 0.0000 -0.0153 0.7444 -1.4150 -0.7453 -0.0460 0.0000 -0.0046 -0.6340 1.1879 0.6286 -0.0107
0.0004 0.1000 -0.0001 0.3369 0.0008 -0.3800 0.7219 0.3072 -0.5161 -0.8447 -0.3118 0.5115 0.0000 0.0000 0.0000 -0.0092 0.6785 -1.2846 -0.6517 -0.0430 0.0000 -0.0169 -0.6693 1.2662 0.6425 -0.0123
0.0004 0.1000 -0.0001 0.3379 0.0008 -0.3800 0.7219 0.3072 -0.5161 -0.8447 -0.3118 0.5115 0.0000 0.0000 0.0000 -0.0138 0.6785 -1.2769 -0.6854 -0.0537 0.0000 -0.0246 -0.6785 1.2754 0.6839 -0.0245
0.0004 0.1000 -0.0001 0.3390 0.0008 -0.3800 0.7219 0.3072 -0.5161 -0.8447 -0.3118 0.5115 0.0000 0.0000 0.0000 0.0399 0.6585 -1.2294 -0.6870 0.0629 0.0000 0.0368 -0.6953 1.3030 0.7253 0.0951
0.0004 0.1000 -0.0001 0.3401 0.0008 -0.3800 0.7219 0.3072 -0.5161 -0.8447 -0.3118 0.5115 0.0000 0.0000 0.0000 0.0399 0.6171 -1.1588 -0.5872 0.0951 0.0000 0.0614 -0.7813 1.4963 0.7621 0.1335
0.0005 0.1000 -0.0001 0.3411 0.0009 -0.3800 0.7219 0.3072 -0.5161 -0.8447 -0.3118 0.5115 0.0000 0.0000 0.0000 0.0660 0.5665 -1.0514 -0.5519 0.1841 0.0000 0.1197 -0.8749 1.6912 0.8834 0.2363
0.0005 0.1000 -0.0001 0.3422 0.0008 -0.3800 0.7219 0.3072 -0.5161 -0.8447 -0.3118 0.5115 0.0000 0.0000 0.0000 0.0506 0.5327 -0.9777 -0.5320 0.1764 0.0000 0.1258 -0.9301 1.8032 0.9601 0.2409
0.0005 0.1000 -0.0001 0.3433 0.0008 -0.3800 0.7219 0.3072 -0.5161 -0.8447 -0.3118 0.5115 0.0000 0.0000 0.0000 0.0276 0.5358 -0.9701 -0.5734 0.1273 0.0000 0.0997 -0.9270 1.7833 0.9954 0.1903
0.0005 0.1000 -0.0001 0.3443 0.0008 -0.3800 0.7219 0.3072 -0.5161 -0.8447 -0.3118 0.5115 0.0000 0.0000 0.0000 -0.0015 0.5726 -1.0637 -0.5581 0.0476 0.0000 0.0491 -0.8641 1.6682 0.8711 0.0982
0.0005 0.1000 -0.0001 0.3454 0.0008 -0.3800 0.7219 0.3072 -0.5161 -0.8447 -0.3118 0.5115 0.0000 0.0000 0.0000 0.0061 0.6232 -1.1649 -0.6164 0.0245 0.0000 0.0245 -0.7690 1.4641 0.7713 0.0614
0.0005 0.1000 -0.0001 0.3465 0.0008 -0.3800 0.7219 0.3072 -0.5161 -0.8447 -0.3118 0.5115 0.0000 0.0000 0.0000 0.0015 0.6631 -1.2570 -0.6256 -0.0154 0.0000 -0.0031 -0.6877 1.3092 0.6517 0.0154
0.0005 0.1000 -0.0001 0.3475 0.0008 -0.3800 0.7219 0.3072 -0.5161 -0.8447 -0.3118 0.5115 0.0000 0.0000 0.0000 0.0169 0.6800 -1.2907 -0.6486 0.0092 0.0000 0.0061 -0.6800 1.2892 0.6486 0.0384
0.0005 0.1000 -0.0001 0.3486 0.0008 -0.3800 0.7219 0.3072 -0.5161 -0.8447 -0.3118 0.5115 0.0000 0.0000 0.0000 -0.0245 0.6754 -1.2616 -0.7100 -0.0752 0.0000 -0.0338 -0.6723 1.2539 0.7054 -0.0445
0.0005 0.1000 -0.0001 0.3496 0.0008 -0.3800 0.7219 0.3072 -0.5161 -0.8447 -0.3118 0.5115 0.0000 0.0000 0.0000 -0.0414 0.7322 -1.3920 -0.7268 -0.1013 0.0000 -0.0353 -0.6401 1.2017 0.6286 -0.0690
0.0005 0.1000 -0.0001 0.3507 0.0008 -0.3800 0.7219 0.3072 -0.5161 -0.8447 -0.3118 0.5115 0.0000 0.0000 0.0000 -0.0982 0.8304 -1.5961 -0.8343 -0.2010 0.0000 -0.0614 -0.5910 1.1020 0.5780 -0.1565
0.0005 0.1000 -0.0001 0.3518 0.0008 -0.3800 0.7219 0.3072 -0.5161 -0.8447 -0.3118 0.5115 0.0000 0.0000 0.0000 -0.1258 0.9086 -1.7587 -0.9371 -0.2440 0.0000 -0.0583 -0.5465 1.0054 0.5458 -0.1856
0.0005 0.1000 -0.0001 0.3528 0.0008 -0.3800 0.7219 0.3072 -0.5161 -0.8447 -0.3118 0.5115 0.0000 0.0000 0.0000 -0.1089 0.9362 -1.8094 -0.9908 -0.2056 0.0000 -0.0322 -0.5296 0.9624 0.5504 -0.1411
0.0005 0.1000 -0.0001 0.3539 0.0008 -0.3800 0.7219 0.3072 -0.5161 -0.8447 -0.3118 0.5115 0.0000 0.0000 0.0000 -0.0752 0.9025 -1.7372 -0.9509 -0.1427 0.0000 -0.0107 -0.5511 1.0084 0.5734 -0.0859
0.0005 0.1000 -0.0001 0.3550 0.0008 -0.3800 0.7219 0.3072 -0.5161 -0.8447 -0.3118 0.5115 0.0000 0.0000 0.0000 -0.0368 0.8181 -1.5715 -0.8204 -0.0798 0.0000 -0.0031 -0.5987 1.1143 0.5842 -0.0368
0.0005 0.1000 -0.0001 0.3560 0.0008 -0.3800 0.7219 0.3072 -0.5161 -0.8447 -0.3118 0.5115 0.0000 0.0000 0.0000 -0.0107 0.7214 -1.3721 -0.7115 -0.0414 0.0000 -0.0077 -0.6447 1.2140 0.6302 -0.0092
0.0005 0.1000 -0.0001 0.3571 0.0008 -0.3800 0.7219 0.3072 -0.5161 -0.8447 -0.3118 0.5115 0.0000 0.0000 0.0000 -0.0107 0.6754 -1.2739 -0.6609 -0.0460 0.0000 -0.0200 -0.6754 1.2739 0.6609 -0.0153
0.0005 0.1000 -0.0001 0.3582 0.0008 -0.3800 0.7219 0.3072 -0.5161 -0.8447 -0.3118 0.5115 0.0000 0.0000 0.0000 0.0077 0.6769 -1.2616 -0.7161 -0.0077 0.0000 -0.0015 -0.6754 1.2585 0.7146 0.0215
0.0005 0.1000 -0.0001 0.3592 0.0008 -0.3800 0.7219 0.3072 -0.5161 -0.8447 -0.3118 0.5115 0.0000 0.0000 0.0000 0.0353 0.6508 -1.2110 -0.6777 0.0598 0.0000 0.0353 -0.7122 1.3383 0.7437 0.0921
0.0005 0.1000 -0.0001 0.3603 0.0009 -0.3800 0.7219 0.3072 -0.5161 -0.8447 -0.3118 0.5115 0.0000 0.0000 0.0000 0.0537 0.6048 -1.1281 -0.5918 0.1319 0.0000 0.0828 -0.8058 1.5454 0.8066 0.1734
0.0005 0.1000 -0.0001 0.3614 0.0009 -0.3800 0.7219 0.3072 -0.5161 -0.8447 -0.3118 0.5115 0.0000 0.0000 0.0000 0.0629 0.5557 -1.0268 -0.5473 0.1887 0.0000 0.1243 -0.8933 1.7280 0.9094 0.2440
0.0005 0.1000 -0.0001 0.3624 0.0009 -0.3800 0.7219 0.3072 -0.5161 -0.8447 -0.3118 0.5115 0.0000 0.0000 0.0000 0.0445 0.5296 -0.9670 -0.5397 0.1657 0.0000 0.1212 -0.9347 1.8109 0.9769 0.2302
0.0005 0.1000 -0.0001 0.3635 0.0008 -0.3800 0.7219 0.3072 -0.5161 -0.8447 -0.3118 0.5115 0.0000 0.0000 0.0000 0.0123 0.5419 -0.9839 -0.5796 0.0951 0.0000 0.0813 -0.9163 1.7603 0.9831 0.1550
0.0005 0.1000 -0.0001 0.3646 0.0008 -0.3800 0.7219 0.3072 -0.5161 -0.8447 -0.3118 0.5115 0.0000 0.0000 0.0000 -0.0015 0.5849 -1.0882 -0.5719 0.0368 0.0000 0.0399 -0.8426 1.6222 0.8465 0.0829
0.0005 0.1000 -0.0001 0.3656 0.0008 -0.3800 0.7219 0.3072 -0.5161 -0.8447 -0.3118 0.5115 0.0000 0.0000 0.0000 0.0015 0.6340 -1.1910 -0.6179 0.0046 0.0000 0.0123 -0.7444 1.4181 0.7345 0.0399
0.0005 0.1000 -0.0001 0.3667 0.0008 -0.3800 0.7219 0.3072 -0.5161 -0.8447 -0.3118 0.5115 0.0000 0.0000 0.0000 0.0107 0.6693 -1.2693 -0.6379 -0.0000 0.0000 0.0031 -0.6785 1.2877 0.6471 0.0307
0.0005 0.1000 -0.0001 0.3678 0.0009 -0.3800 0.7219 0.3072 -0.5161 -0.8447 -0.3118 0.5115 0.0000 0.0000 0.0000 0.0368 0.6800 -1.2907 -0.6486 0.0476 0.0000 0.0245 -0.6800 1.2907 0.6486 0.0752
0.0005 0.1000 -0.0001 0.3688 0.0008 -0.3800 0.7219 0.3072 -0.5161 -0.8447 -0.3118 0.5115 0.0000 0.0000 0.0000 -0.0337 0.6831 -1.2815 -0.6946 -0.0905 0.0000 -0.0399 -0.6662 1.2493 0.6777 -0.0598
0.0005 0.1000 -0.0001 0.3699 0.0008 -0.3800 0.7219 0.3072 -0.5161 -0.8447 -0.3118 0.5115 0.0000 0.0000 0.0000 -0.0491 0.7567 -1.4426 -0.7483 -0.1120 0.0000 -0.0353 -0.6294 1.1803 0.6118 -0.0767
0.0005 0.1000 -0.0001 0.3710 0.0008 -0.3800 0.7219 0.3072 -0.5161 -0.8447 -0.3118 0.5115 0.0000 0.0000 0.0000 -0.1135 0.8534 -1.6436 -0.8649 -0.2286 0.0000 -0.0675 -0.5787 1.0744 0.5703 -0.1810
0.0005 0.1000 -0.0001 0.3720 0.0008 -0.3800 0.7219 0.3072 -0.5161 -0.8447 -0.3118 0.5115 0.0000 0.0000 0.0000 -0.1319 0.9209 -1.7833 -0.9570 -0.2547 0.0000 -0.0614 -0.5388 0.9869 0.5443 -0.1933
0.0005 0.1000 -0.0001 0.3731 0.0009 -0.3800 0.7219 0.3072 -0.5161 -0.8447 -0.3118 0.5115 0.0000 0.0000 0.0000 -0.1074 0.9332 -1.8001 -0.9923 -0.2056 0.0000 -0.0322 -0.5312 0.9639 0.5581 -0.1411
0.0005 0.1000 -0.0001 0.3742 0.0009 -0.3800 0.7219 0.3072 -0.5161 -0.8447 -0.3118 0.5115 0.0000 0.0000 0.0000 -0.0629 0.8841 -1.7081 -0.9048 -0.1243 0.0000 -0.0061 -0.5619 1.0376 0.5565 -0.0706
0.0005 0.1000 -0.0001 0.3752 0.0009 -0.3800 0.7219 0.3072 -0.5161 -0.8447 -0.3118 0.5115 0.0000 0.0000 0.0000 -0.0337 0.7935 -1.5178 -0.7990 -0.0767 0.0000 -0.0077 -0.6110 1.1388 0.6041 -0.0368
0.0005 0.1000 -0.0001 0.3763 0.0009 -0.3800 0.7219 0.3072 -0.5161 -0.8447 -0.3118 0.5115 0.0000 0.0000 0.0000 -0.0046 0.7030 -1.3383 -0.6731 -0.0322 0.0000 -0.0061 -0.6555 1.2386 0.6225 0.0000
0.0005 0.1000 -0.0001 0.3774 0.0009 -0.3800 0.7219 0.3072 -0.5161 -0.8447 -0.3118 0.5115 0.0000 0.0000 0.0000 -0.0169 0.6769 -1.2815 -0.6517 -0.0599 0.0000 -0.0276 -0.6785 1.2846 0.6517 -0.0307
0.0005 0.1000 -0.0001 0.3784 0.0009 -0.3800 0.7219 0.3072 -0.5161 -0.8447 -0.3118 0.5115 0.0000 0.0000 0.0000 0.0246 0.6723 -1.2478 -0.7284 0.0261 0.0000 0.0153 -0.6754 1.2555 0.7330 0.0568
0.0005 0.1000 -0.0001 0.3795 0.0010 -0.3800 0.7219 0.3072 -0.5161 -0.8447 -0.3118 0.5115 0.0000 0.0000 0.0000 0.0414 0.6401 -1.1987 -0.6394 0.0813 0.0000 0.0476 -0.7322 1.3889 0.7376 0.1136
0.0005 0.1000 -0.0001 0.3806 0.0010 -0.3800 0.7219 0.3072 -0.5161 -0.8447 -0.3118 0.5115 0.0000 0.0000 0.0000 0.0614 0.5910 -1.1035 -0.5734 0.1565 0.0000 0.0982 -0.8304 1.5976 0.8297 0.2010
0.0005 0.1000 -0.0001 0.3816 0.0010 -0.3800 0.7219 0.3072 -0.5161 -0.8447 -0.3118 0.5115 0.0000 0.0000 0.0000 0.0522 0.5465 -1.0069 -0.5412 0.1734 0.0000 0.1197 -0.9086 1.7603 0.9325 0.2317
0.0005 0.1000 -0.0001 0.3827 0.0010 -0.3800 0.7219 0.3072 -0.5161 -0.8447 -0.3118 0.5115 0.0000 0.0000 0.0000 0.0414 0.5296 -0.9624 -0.5504 0.1596 0.0000 0.1181 -0.9362 1.8094 0.9908 0.2240
0.0005 0.1000 -0.0001 0.3838 0.0009 -0.3800 0.7219 0.3072 -0.5161 -0.8447 -0.3118 0.5115 0.0000 0.0000 0.0000 0.0077 0.5511 -1.0115 -0.5611 0.0798 0.0000 0.0721 -0.9025 1.7403 0.9386 0.1366
0.0005 0.1000 -0.0001 0.3848 0.0009 -0.3800 0.7219 0.3072 -0.5161 -0.8447 -0.3118 0.5115 0.0000 0.0000 0.0000 -0.0031 0.5987 -1.1158 -0.5796 0.0245 0.0000 0.0307 -0.8181 1.5731 0.8158 0.0675
0.0005 0.1000 -0.0001 0.3859 0.0009 -0.3800 0.7219 0.3072 -0.5161 -0.8447 -0.3118 0.5115 0.0000 0.0000 0.0000 0.0015 0.6447 -1.2171 -0.6179 -0.0031 0.0000 0.0046 -0.7214 1.3751 0.6992 0.0292
0.0005 0.1000 -0.0001 0.3870 0.0010 -0.3800 0.7219 0.3072 -0.5161 -0.8447 -0.3118 0.5115 0.0000 0.0000 0.0000 0.0169 0.6754 -1.2815 -0.6379 0.0092 0.0000 0.0077 -0.6754 1.2815 0.6379 0.0399
0.0006 0.1000 -0.0001 0.3880 0.0010 -0.3800 0.7219 0.3072 -0.5161 -0.8447 -0.3118 0.5115 0.0000 0.0000 0.0000 0.0307 0.6785 -1.2754 -0.6839 0.0368 0.0000 0.0199 -0.6785 1.2769 0.6854 0.0660
0.0005 0.1000 -0.0001 0.3891 0.0010 -0.3800 0.7219 0.3072 -0.5161 -0.8447 -0.3118 0.5115 0.0000 0.0000 0.0000 -0.0430 0.6953 -1.3122 -0.6931 -0.1074 0.0000 -0.0460 -0.6585 1.2386 0.6547 -0.0752
0.0005 0.1000 -0.0001 0.3902 0.0010 -0.3800 0.7219 0.3072 -0.5161 -0.8447 -0.3118 0.5115 0.0000 0.0000 0.0000 -0.0614 0.7813 -1.4917 -0.7790 -0.1335 0.0000 -0.0399 -0.6171 1.1542 0.6041 -0.0951
0.0005 0.1000 -0.0001 0.3912 0.0010 -0.3800 0.7219 0.3072 -0.5161 -0.8447 -0.3118 0.5115 0.0000 0.0000 0.0000 -0.1105 0.8749 -1.6897 -0.8895 -0.2179 0.0000 -0.0568 -0.5665 1.0498 0.5581 -0.1657
0.0005 0.1000 -0.0001 0.3923 0.0010 -0.3800 0.7219 0.3072 -0.5161 -0.8447 -0.3118 0.5115 0.0000 0.0000 0.0000 -0.1227 0.9301 -1.8017 -0.9662 -0.2348 0.0000 -0.0476 -0.5327 0.9762 0.5381 -0.1703
0.0006 0.1000 -0.0001 0.3934 0.0010 -0.3800 0.7219 0.3072 -0.5161 -0.8447 -0.3118 0.5115 0.0000 0.0000 0.0000 -0.1028 0.9270 -1.7863 -0.9846 -0.1964 0.0000 -0.0307 -0.5358 0.9731 0.5627 -0.1335
0.0006 0.1000 -0.0001 0.3944 0.0010 -0.3800 0.7219 0.3072 -0.5161 -0.8447 -0.3118 0.5115 0.0000 0.0000 0.0000 -0.0491 0.8641 -1.6682 -0.8711 -0.0982 0.0000 0.0015 -0.5726 1.0637 0.5581 -0.0476
0.0006 0.1000 -0.0001 0.3955 0.0010 -0.3800 0.7219 0.3072 -0.5161 -0.8447 -0.3118 0.5115 0.0000 0.0000 0.0000 -0.0245 0.7690 -1.4641 -0.7713 -0.0614 0.0000 -0.0061 -0.6232 1.1649 0.6164 -0.0245
0.0005 0.1000 -0.0001 0.3966 0.0010 -0.3800 0.7219 0.3072 -0.5161 -0.8447 -0.3118 0.5115 0.0000 0.0000 0.0000 -0.0092 0.6877 -1.3076 -0.6578 -0.0399 0.0000 -0.0138 -0.6631 1.2555 0.6317 -0.0092
0.0005 0.1000 -0.0001 0.3976 0.0010 -0.3800 0.7219 0.3072 -0.5161 -0.8447 -0.3118 0.5115 0.0000 0.0000 0.0000 -0.0123 0.6800 -1.2877 -0.6532 -0.0506 0.0000 -0.0246 -0.6800 1.2877 0.6532 -0.0230
0.0005 0.1000 -0.0001 0.3987 0.0010 -0.3800 0.7219 0.3072 -0.5161 -0.8447 -0.3118 0.5115 0.0000 0.0000 0.0000 0.0307 0.6662 -1.2416 -0.6992 0.0414 0.0000 0.0245 -0.6831 1.2739 0.7161 0.0721
0.0005 0.1000 -0.0001 0.3998 0.0010 -0.3800 0.7219 0.3072 -0.5161 -0.8447 -0.3118 0.5115 0.0000 0.0000 0.0000 0.0414 0.6294 -1.1833 -0.5995 0.0890 0.0000 0.0552 -0.7567 1.4457 0.7361 0.1243
0.0006 0.1000 -0.0001 0.4008 0.0011 -0.3800 0.7219 0.3072 -0.5161 -0.8447 -0.3118 0.5115 0.0000 0.0000 0.0000 0.0675 0.5787 -1.0759 -0.5642 0.1810 0.0000 0.1135 -0.8534 1.6452 0.8588 0.2286
0.0006 0.1000 -0.0001 0.4019 0.0011 -0.3800 0.7219 0.3072 -0.5161 -0.8447 -0.3118 0.5115 0.0000 0.0000 0.0000 0.0491 0.5388 -0.9885 -0.5381 0.1688 0.0000 0.1197 -0.9209 1.7848 0.9509 0.2302
0.0006 0.1000 -0.0001 0.4029 0.0010 -0.3800 0.7219 0.3072 -0.5161 -0.8447 -0.3118 0.5115 0.0000 0.0000 0.0000 0.0292 0.5312 -0.9624 -0.5642 0.1350 0.0000 0.1043 -0.9332 1.7986 0.9984 0.1995
0.0006 0.1000 -0.0001 0.4040 0.0010 -0.3800 0.7219 0.3072 -0.5161 -0.8447 -0.3118 0.5115 0.0000 0.0000 0.0000 0.0061 0.5619 -1.0360 -0.5611 0.0706 0.0000 0.0629 -0.8841 1.7066 0.9094 0.1243
0.0006 0.1000 -0.0001 0.4051 0.0010 -0.3800 0.7219 0.3072 -0.5161 -0.8447 -0.3118 0.5115 0.0000 0.0000 0.0000 0.0015 0.6110 -1.1388 -0.6041 0.0245 0.0000 0.0276 -0.7935 1.5178 0.7990 0.0645
0.0006 0.1000 -0.0001 0.4061 0.0010 -0.3800 0.7219 0.3072 -0.5161 -0.8447 -0.3118 0.5115 0.0000 0.0000 0.0000 0.0000 0.6555 -1.2386 -0.6225 -0.0123 0.0000 -0.0015 -0.7030 1.3383 0.6731 0.0200
0.0006 0.1000 -0.0001 0.4072 0.0010 -0.3800 0.7219 0.3072 -0.5161 -0.8447 -0.3118 0.5115 0.0000 0.0000 0.0000 0.0153 0.6785 -1.2892 -0.6409 0.0061 0.0000 0.0046 -0.6769 1.2861 0.6409 0.0353
0.0006 0.1000 -0.0001 0.4083 0.0010 -0.3800 0.7219 0.3072 -0.5161 -0.8447 -0.3118 0.5115 0.0000 0.0000 0.0000 0.0046 0.6754 -1.2662 -0.6916 -0.0154 0.0000 -0.0046 -0.6769 1.2693 0.6931 0.0138
0.0006 0.1000 -0.0001 0.4093 0.0010 -0.3800 0.7219 0.3072 -0.5161 -0.8447 -0.3118 0.5115 0.0000 0.0000 0.0000 -0.0445 0.7122 -1.3475 -0.7115 -0.1105 0.0000 -0.0445 -0.6508 1.2202 0.6455 -0.0782
0.0006 0.1000 -0.0001 0.4104 0.0010 -0.3800 0.7219 0.3072 -0.5161 -0.8447 -0.3118 0.5115 0.0000 0.0000 0.0000 -0.0859 0.8058 -1.5424 -0.8174 -0.1795 0.0000 -0.0568 -0.6048 1.1250 0.6026 -0.1381
0.0006 0.1000 -0.0001 0.4115 0.0010 -0.3800 0.7219 0.3072 -0.5161 -0.8447 -0.3118 0.5115 0.0000 0.0000 0.0000 -0.1212 0.8933 -1.7280 -0.9094 -0.2378 0.0000 -0.0598 -0.5557 1.0268 0.5473 -0.1826
0.0006 0.1000 -0.0001 0.4125 0.0010 -0.3800 0.7219 0.3072 -0.5161 -0.8447 -0.3118 0.5115 0.0000 0.0000 0.0000 -0.1089 0.9347 -1.8124 -0.9723 -0.2056 0.0000 -0.0322 -0.5296 0.9685 0.5351 -0.1411
0.0006 0.1000 -0.0001 0.4136 0.0010 -0.3800 0.7219 0.3072 -0.5161 -0.8447 -0.3118 0.5115 0.0000 0.0000 0.0000 -0.0844 0.9163 -1.7618 -0.9785 -0.1611 0.0000 -0.0153 -0.5419 0.9854 0.5749 -0.1013
0.0006 0.1000 -0.0001 0.4147 0.0010 -0.3800 0.7219 0.3072 -0.5161 -0.8447 -0.3118 0.5115 0.0000 0.0000 0.0000 -0.0430 0.8426 -1.6222 -0.8465 -0.0890 0.0000 -0.0015 -0.5849 1.0882 0.5719 -0.0429
0.0006 0.1000 -0.0001 0.4157 0.0010 -0.3800 0.7219 0.3072 -0.5161 -0.8447 -0.3118 0.5115 0.0000 0.0000 0.0000 -0.0184 0.7444 -1.4166 -0.7391 -0.0522 0.0000 -0.0077 -0.6340 1.1895 0.6225 -0.0169
0.0006 0.1000 -0.0001 0.4168 0.0010 -0.3800 0.7219 0.3072 -0.5161 -0.8447 -0.3118 0.5115 0.0000 0.0000 0.0000 -0.0123 0.6785 -1.2846 -0.6517 -0.0491 0.0000 -0.0200 -0.6693 1.2662 0.6425 -0.0184
0.0006 0.1000 -0.0001 0.4179 0.0010 -0.3800 0.7219 0.3072 -0.5161 -0.8447 -0.3118 0.5115 0.0000 0.0000 0.0000 -0.0107 0.6785 -1.2785 -0.6808 -0.0476 0.0000 -0.0215 -0.6785 1.2769 0.6793 -0.0184
0.0006 0.1000 -0.0001 0.4189 0.0011 -0.3800 0.7219 0.3072 -0.5161 -0.8447 -0.3118 0.5115 0.0000 0.0000 0.0000 0.0399 0.6585 -1.2294 -0.6870 0.0629 0.0000 0.0368 -0.6953 1.3030 0.7253 0.0951
0.0006 0.1000 -0.0001 0.4200 0.0011 -0.3800 0.7219 0.3072 -0.5161 -0.8447 -0.3118 0.5115 0.0000 0.0000 0.0000 0.0460 0.6171 -1.1557 -0.5995 0.1074 0.0000 0.0675 -0.7813 1.4933 0.7744 0.1458
0.0006 0.1000 -0.0001 0.4211 0.0011 -0.3800 0.7219 0.3072 -0.5161 -0.8447 -0.3118 0.5115 0.0000 0.0000 0.0000 0.0691 0.5665 -1.0529 -0.5473 0.1902 0.0000 0.1227 -0.8749 1.6927 0.8787 0.2424
0.0006 0.1000 -0.0001 0.4221 0.0011 -0.3800 0.7219 0.3072 -0.5161 -0.8447 -0.3118 0.5115 0.0000 0.0000 0.0000 0.0476 0.5327 -0.9762 -0.5381 0.1703 0.0000 0.1227 -0.9301 1.8017 0.9662 0.2348
0.0006 0.1000 -0.0001 0.4232 0.0011 -0.3800 0.7219 0.3072 -0.5161 -0.8447 -0.3118 0.5115 0.0000 0.0000 0.0000 0.0215 0.5358 -0.9701 -0.5734 0.1151 0.0000 0.0936 -0.9270 1.7833 0.9954 0.1780
0.0006 0.1000 -0.0001 0.4243 0.0011 -0.3800 0.7219 0.3072 -0.5161 -0.8447 -0.3118 0.5115 0.0000 0.0000 0.0000 -0.0015 0.5726 -1.0637 -0.5581 0.0476 0.0000 0.0491 -0.8641 1.6682 0.8711 0.0982
0.0006 0.1000 -0.0001 0.4253 0.0011 -0.3800 0.7219 0.3072 -0.5161 -0.8447 -0.3118 0.5115 0.0000 0.0000 0.0000 0.0031 0.6232 -1.1649 -0.6164 0.0184 0.0000 0.0215 -0.7690 1.4641 0.7713 0.0553
0.0006 0.1000 -0.0001 0.4264 0.0011 -0.3800 0.7219 0.3072 -0.5161 -0.8447 -0.3118 0.5115 0.0000 0.0000 0.0000 0.0046 0.6631 -1.2555 -0.6317 -0.0092 0.0000 -0.0000 -0.6877 1.3076 0.6578 0.0215
0.0006 0.1000 -0.0001 0.4275 0.0011 -0.3800 0.7219 0.3072 -0.5161 -0.8447 -0.3118 0.5115 0.0000 0.0000 0.0000 0.0261 0.6800 -1.2923 -0.6425 0.0276 0.0000 0.0153 -0.6800 1.2907 0.6425 0.0568
0.0006 0.1000 -0.0001 0.4285 0.0011 -0.3800 0.7219 0.3072 -0.5161 -0.8447 -0.3118 0.5115 0.0000 0.0000 0.0000 -0.0245 0.6754 -1.2601 -0.7161 -0.0752 0.0000 -0.0338 -0.6723 1.2524 0.7115 -0.0445
0.0006 0.1000 -0.0001 0.4296 0.0011 -0.3800 0.7219 0.3072 -0.5161 -0.8447 -0.3118 0.5115 0.0000 0.0000 0.0000 -0.0476 0.7322 -1.3966 -0.7100 -0.1136 0.0000 -0.0414 -0.6401 1.2064 0.6118 -0.0813
0.0006 0.1000 -0.0001 0.4307 0.0010 -0.3800 0.7219 0.3072 -0.5161 -0.8447 -0.3118 0.5115 0.0000 0.0000 0.0000 -0.1074 0.8304 -1.5961 -0.8343 -0.2194 0.0000 -0.0706 -0.5910 1.1020 0.5780 -0.1749
0.0006 0.1000 -0.0001 0.4317 0.0010 -0.3800 0.7219 0.3072 -0.5161 -0.8447 -0.3118 0.5115 0.0000 0.0000 0.0000 -0.1289 0.9086 -1.7603 -0.9325 -0.2501 0.0000 -0.0614 -0.5465 1.0069 0.5412 -0.1918
0.0006 0.1000 -0.0001 0.4328 0.0011 -0.3800 0.7219 0.3072 -0.5161 -0.8447 -0.3118 0.5115 0.0000 0.0000 0.0000 -0.1120 0.9362 -1.8124 -0.9785 -0.2118 0.0000 -0.0353 -0.5296 0.9655 0.5381 -0.1473
0.0006 0.1000 -0.0001 0.4339 0.0011 -0.3800 0.7219 0.3072 -0.5161 -0.8447 -0.3118 0.5115 0.0000 0.0000 0.0000 -0.0752 0.9025 -1.7403 -0.9386 -0.1427 0.0000 -0.0107 -0.5511 1.0115 0.5611 -0.0859
0.0006 0.1000 -0.0001 0.4349 0.0011 -0.3800 0.7219 0.3072 -0.5161 -0.8447 -0.3118 0.5115 0.0000 0.0000 0.0000 -0.0337 0.8181 -1.5700 -0.8266 -0.0737 0.0000 -0.0000 -0.5987 1.1128 0.5903 -0.0307
0.0006 0.1000 -0.0001 0.4360 0.0011 -0.3800 0.7219 0.3072 -0.5161 -0.8447 -0.3118 0.5115 0.0000 0.0000 0.0000 -0.0077 0.7214 -1.3751 -0.6992 -0.0353 0.0000 -0.0046 -0.6447 1.2171 0.6179 -0.0031
0.0006 0.1000 -0.0001 0.4371 0.0011 -0.3800 0.7219 0.3072 -0.5161 -0.8447 -0.3118 0.5115 0.0000 0.0000 0.0000 -0.0107 0.6754 -1.2769 -0.6486 -0.0460 0.0000 -0.0200 -0.6754 1.2769 0.6486 -0.0153
0.0006 0.1000 -0.0001 0.4381 0.0011 -0.3800 0.7219 0.3072 -0.5161 -0.8447 -0.3118 0.5115 0.0000 0.0000 0.0000 0.0046 0.6769 -1.2601 -0.7207 -0.0138 0.0000 -0.0046 -0.6754 1.2570 0.7192 0.0154
0.0006 0.1000 -0.0001 0.4392 0.0011 -0.3800 0.7219 0.3072 -0.5161 -0.8447 -0.3118 0.5115 0.0000 0.0000 0.0000 0.0414 0.6508 -1.2140 -0.6655 0.0721 0.0000 0.0414 -0.7122 1.3414 0.7315 0.1043
0.0006 0.1000 -0.0001 0.4403 0.0011 -0.3800 0.7219 0.3072 -0.5161 -0.8447 -0.3118 0.5115 0.0000 0.0000 0.0000 0.0476 0.6048 -1.1281 -0.5918 0.1197 0.0000 0.0767 -0.8058 1.5454 0.8066 0.1611
0.0006 0.1000 -0.0001 0.4413 0.0011 -0.3800 0.7219 0.3072 -0.5161 -0.8447 -0.3118 0.5115 0.0000 0.0000 0.0000 0.0598 0.5557 -1.0253 -0.5519 0.1826 0.0000 0.1212 -0.8933 1.7265 0.9140 0.2378
0.0006 0.1000 -0.0001 0.4424 0.0011 -0.3800 0.7219 0.3072 -0.5161 -0.8447 -0.3118 0.5115 0.0000 0.0000 0.0000 0.0476 0.5296 -0.9670 -0.5397 0.1718 0.0000 0.1243 -0.9347 1.8109 0.9769 0.2363
0.0006 0.1000 -0.0001 0.4435 0.0011 -0.3800 0.7219 0.3072 -0.5161 -0.8447 -0.3118 0.5115 0.0000 0.0000 0.0000 0.0153 0.5419 -0.9839 -0.5796 0.1013 0.0000 0.0844 -0.9163 1.7603 0.9831 0.1611
0.0006 0.1000 -0.0001 0.4445 0.0011 -0.3800 0.7219 0.3072 -0.5161 -0.8447 -0.3118 0.5115 0.0000 0.0000 0.0000 -0.0015 0.5849 -1.0882 -0.5719 0.0368 0.0000 0.0399 -0.8426 1.6222 0.8465 0.0829
0.0006 0.1000 -0.0001 0.4456 0.0011 -0.3800 0.7219 0.3072 -0.5161 -0.8447 -0.3118 0.5115 0.0000 0.0000 0.0000 0.0077 0.6340 -1.1910 -0.6179 0.0169 0.0000 0.0184 -0.7444 1.4181 0.7345 0.0522
0.0006 0.1000 -0.0001 0.4467 0.0011 -0.3800 0.7219 0.3072 -0.5161 -0.8447 -0.3118 0.5115 0.0000 0.0000 0.0000 0.0107 0.6693 -1.2708 -0.6317 -0.0000 0.0000 0.0031 -0.6785 1.2892 0.6409 0.0307
0.0006 0.1000 -0.0001 0.4477 0.0011 -0.3800 0.7219 0.3072 -0.5161 -0.8447 -0.3118 0.5115 0.0000 0.0000 0.0000 0.0276 0.6800 -1.2846 -0.6655 0.0291 0.0000 0.0153 -0.6800 1.2846 0.6655 0.0568
0.0006 0.1000 -0.0001 0.4488 0.0011 -0.3800 0.7219 0.3072 -0.5161 -0.8447 -0.3118 0.5115 0.0000 0.0000 0.0000 -0.0399 0.6831 -1.2846 -0.6839 -0.1028 0.0000 -0.0460 -0.6662 1.2524 0.6670 -0.0721
0.0006 0.1000 -0.0001 0.4499 0.0011 -0.3800 0.7219 0.3072 -0.5161 -0.8447 -0.3118 0.5115 0.0000 0.0000 0.0000 -0.0491 0.7567 -1.4426 -0.7483 -0.1120 0.0000 -0.0353 -0.6294 1.1803 0.6118 -0.0767
0.0006 0.1000 -0.0001 0.4509 0.0011 -0.3800 0.7219 0.3072 -0.5161 -0.8447 -0.3118 0.5115 0.0000 0.0000 0.0000 -0.1135 0.8534 -1.6452 -0.8588 -0.2286 0.0000 -0.0675 -0.5787 1.0759 0.5642 -0.1810
0.0006 0.1000 -0.0001 0.4520 0.0011 -0.3800 0.7219 0.3072 -0.5161 -0.8447 -0.3118 0.5115 0.0000 0.0000 0.0000 -0.1289 0.9209 -1.7848 -0.9509 -0.2486 0.0000 -0.0583 -0.5388 0.9885 0.5381 -0.1872
0.0006 0.1000 -0.0001 0.4531 0.0012 -0.3800 0.7219 0.3072 -0.5161 -0.8447 -0.3118 0.5115 0.0000 0.0000 0.0000 -0.1074 0.9332 -1.8001 -0.9923 -0.2056 0.0000 -0.0322 -0.5312 0.9639 0.5581 -0.1411
0.0006 0.1000 -0.0001 0.4541 0.0012 -0.3800 0.7219 0.3072 -0.5161 -0.8447 -0.3118 0.5115 0.0000 0.0000 0.0000 -0.0629 0.8841 -1.7081 -0.9048 -0.1243 0.0000 -0.0061 -0.5619 1.0376 0.5565 -0.0706
0.0006 0.1000 -0.0001 0.4552 0.0012 -0.3800 0.7219 0.3072 -0.5161 -0.8447 -0.3118 0.5115 0.0000 0.0000 0.0000 -0.0337 0.7935 -1.5163 -0.8036 -0.0767 0.0000 -0.0077 -0.6110 1.1373 0.6087 -0.0368
0.0006 0.1000 -0.0001 0.4562 0.0012 -0.3800 0.7219 0.3072 -0.5161 -0.8447 -0.3118 0.5115 0.0000 0.0000 0.0000 -0.0077 0.7030 -1.3352 -0.6777 -0.0384 0.0000 -0.0092 -0.6555 1.2355 0.6271 -0.0061
0.0006 0.1000 -0.0001 0.4573 0.0011 -0.3800 0.7219 0.3072 -0.5161 -0.8447 -0.3118 0.5115 0.0000 0.0000 0.0000 -0.0107 0.6769 -1.2815 -0.6517 -0.0476 0.0000 -0.0215 -0.6785 1.2846 0.6517 -0.0184
0.0006 0.1000 -0.0001 0.4584 0.0012 -0.3800 0.7219 0.3072 -0.5161 -0.8447 -0.3118 0.5115 0.0000 0.0000 0.0000 0.0246 0.6723 -1.2508 -0.7161 0.0261 0.0000 0.0153 -0.6754 1.2585 0.7207 0.0568
0.0006 0.1000 -0.0001 0.4594 0.0012 -0.3800 0.7219 0.3072 -0.5161 -0.8447 -0.3118 0.5115 0.0000 0.0000 0.0000 0.0353 0.6401 -1.2017 -0.6286 0.0690 0.0000 0.0414 -0.7322 1.3920 0.7268 0.1013
0.0006 0.1000 -0.0001 0.4605 0.0012 -0.3800 0.7219 0.3072 -0.5161 -0.8447 -0.3118 0.5115 0.0000 0.0000 0.0000 0.0583 0.5910 -1.1020 -0.5780 0.1504 0.0000 0.0951 -0.8304 1.5961 0.8343 0.1949
0.0007 0.1000 -0.0001 0.4616 0.0012 -0.3800 0.7219 0.3072 -0.5161 -0.8447 -0.3118 0.5115 0.0000 0.0000 0.0000 0.0583 0.5465 -1.0069 -0.5412 0.1856 0.0000 0.1258 -0.9086 1.7603 0.9325 0.2440
0.0007 0.1000 -0.0001 0.4626 0.0012 -0.3800 0.7219 0.3072 -0.5161 -0.8447 -0.3118 0.5115 0.0000 0.0000 0.0000 0.0414 0.5296 -0.9593 -0.5550 0.1596 0.0000 0.1181 -0.9362 1.8063 0.9954 0.2240
0.0006 0.1000 -0.0001 0.4637 0.0012 -0.3800 0.7219 0.3072 -0.5161 -0.8447 -0.3118 0.5115 0.0000 0.0000 0.0000 0.0077 0.5511 -1.0084 -0.5734 0.0798 0.0000 0.0721 -0.9025 1.7372 0.9509 0.1366
0.0006 0.1000 -0.0001 0.4648 0.0012 -0.3800 0.7219 0.3072 -0.5161 -0.8447 -0.3118 0.5115 0.0000 0.0000 0.0000 -0.0031 0.5987 -1.1158 -0.5796 0.0245 0.0000 0.0307 -0.8181 1.5731 0.8158 0.0675
0.0006 0.1000 -0.0001 0.4658 0.0012 -0.3800 0.7219 0.3072 -0.5161 -0.8447 -0.3118 0.5115 0.0000 0.0000 0.0000 0.0015 0.6447 -1.2202 -0.6133 -0.0031 0.0000 0.0046 -0.7214 1.3782 0.6946 0.0292
0.0007 0.1000 -0.0001 0.4669 0.0012 -0.3800 0.7219 0.3072 -0.5161 -0.8447 -0.3118 0.5115 0.0000 0.0000 0.0000 0.0169 0.6754 -1.2815 -0.6379 0.0092 0.0000 0.0077 -0.6754 1.2815 0.6379 0.0399
0.0007 0.1000 -0.0001 0.4680 0.0012 -0.3800 0.7219 0.3072 -0.5161 -0.8447 -0.3118 0.5115 0.0000 0.0000 0.0000 0.0246 0.6785 -1.2754 -0.6839 0.0245 0.0000 0.0138 -0.6785 1.2769 0.6854 0.0537
0.0007 0.1000 -0.0001 0.4690 0.0012 -0.3800 0.7219 0.3072 -0.5161 -0.8447 -0.3118 0.5115 0.0000 0.0000 0.0000 -0.0460 0.6953 -1.3122 -0.6931 -0.1136 0.0000 -0.0491 -0.6585 1.2386 0.6547 -0.0813
0.0007 0.1000 -0.0001 0.4701 0.0012 -0.3800 0.7219 0.3072 -0.5161 -0.8447 -0.3118 0.5115 0.0000 0.0000 0.0000 -0.0675 0.7813 -1.4902 -0.7852 -0.1458 0.0000 -0.0460 -0.6171 1.1526 0.6102 -0.1074
0.0007 0.1000 -0.0001 0.4712 0.0012 -0.3800 0.7219 0.3072 -0.5161 -0.8447 -0.3118 0.5115 0.0000 0.0000 0.0000 -0.1166 0.8749 -1.6897 -0.8895 -0.2302 0.0000 -0.0629 -0.5665 1.0498 0.5581 -0.1780
0.0007 0.1000 -0.0001 0.4722 0.0012 -0.3800 0.7219 0.3072 -0.5161 -0.8447 -0.3118 0.5115 0.0000 0.0000 0.0000 -0.1258 0.9301 -1.8017 -0.9662 -0.2409 0.0000 -0.0506 -0.5327 0.9762 0.5381 -0.1764
0.0007 0.1000 -0.0001 0.4733 0.0013 -0.3800 0.7219 0.3072 -0.5161 -0.8447 -0.3118 0.5115 0.0000 0.0000 0.0000 -0.0997 0.9270 -1.7848 -0.9908 -0.1903 0.0000 -0.0276 -0.5358 0.9716 0.5688 -0.1273
0.0007 0.1000 -0.0001 0.4744 0.0013 -0.3800 0.7219 0.3072 -0.5161 -0.8447 -0.3118 0.5115 0.0000 0.0000 0.0000 -0.0491 0.8641 -1.6682 -0.8711 -0.0982 0.0000 0.0015 -0.5726 1.0637 0.5581 -0.0476
0.0007 0.1000 -0.0001 0.4754 0.0013 -0.3800 0.7219 0.3072 -0.5161 -0.8447 -0.3118 0.5115 0.0000 0.0000 0.0000 -0.0276 0.7690 -1.4626 -0.7759 -0.0675 0.0000 -0.0092 -0.6232 1.1634 0.6210 -0.0307
0.0007 0.1000 -0.0001 0.4765 0.0013 -0.3800 0.7219 0.3072 -0.5161 -0.8447 -0.3118 0.5115 0.0000 0.0000 0.0000 -0.0123 0.6877 -1.3045 -0.6624 -0.0460 0.0000 -0.0169 -0.6631 1.2524 0.6363 -0.0153
0.0007 0.1000 -0.0001 0.4776 0.0012 -0.3800 0.7219 0.3072 -0.5161 -0.8447 -0.3118 0.5115 0.0000 0.0000 0.0000 -0.0184 0.6800 -1.2877 -0.6532 -0.0629 0.0000 -0.0307 -0.6800 1.2877 0.6532 -0.0353
0.0007 0.1000 -0.0001 0.4786 0.0012 -0.3800 0.7219 0.3072 -0.5161 -0.8447 -0.3118 0.5115 0.0000 0.0000 0.0000 0.0307 0.6662 -1.2416 -0.6992 0.0414 0.0000 0.0245 -0.6831 1.2739 0.7161 0.0721
0.0007 0.1000 -0.0001 0.4797 0.0013 -0.3800 0.7219 0.3072 -0.5161 -0.8447 -0.3118 0.5115 0.0000 0.0000 0.0000 0.0353 0.6294 -1.1833 -0.5995 0.0767 0.0000 0.0491 -0.7567 1.4457 0.7361 0.1120
0.0007 0.1000 -0.0001 0.4808 0.0013 -0.3800 0.7219 0.3072 -0.5161 -0.8447 -0.3118 0.5115 0.0000 0.0000 0.0000 0.0644 0.5787 -1.0775 -0.5596 0.1749 0.0000 0.1105 -0.8534 1.6467 0.8542 0.2225
0.0007 0.1000 -0.0001 0.4818 0.0013 -0.3800 0.7219 0.3072 -0.5161 -0.8447 -0.3118 0.5115 0.0000 0.0000 0.0000 0.0522 0.5388 -0.9900 -0.5335 0.1749 0.0000 0.1227 -0.9209 1.7863 0.9463 0.2363
0.0007 0.1000 -0.0001 0.4829 0.0013 -0.3800 0.7219 0.3072 -0.5161 -0.8447 -0.3118 0.5115 0.0000 0.0000 0.0000 0.0353 0.5312 -0.9639 -0.5581 0.1473 0.0000 0.1105 -0.9332 1.8001 0.9923 0.2118
0.0007 0.1000 -0.0001 0.4840 0.0012 -0.3800 0.7219 0.3072 -0.5161 -0.8447 -0.3118 0.5115 0.0000 0.0000 0.0000 0.0000 0.5619 -1.0376 -0.5565 0.0583 0.0000 0.0568 -0.8841 1.7081 0.9048 0.1120
0.0007 0.1000 -0.0001 0.4850 0.0012 -0.3800 0.7219 0.3072 -0.5161 -0.8447 -0.3118 0.5115 0.0000 0.0000 0.0000 0.0015 0.6110 -1.1404 -0.5980 0.0245 0.0000 0.0276 -0.7935 1.5194 0.7928 0.0645
0.0007 0.1000 -0.0001 0.4861 0.0012 -0.3800 0.7219 0.3072 -0.5161 -0.8447 -0.3118 0.5115 0.0000 0.0000 0.0000 0.0000 0.6555 -1.2401 -0.6164 -0.0123 0.0000 -0.0015 -0.7030 1.3398 0.6670 0.0200
0.0007 0.1000 -0.0001 0.4872 0.0012 -0.3800 0.7219 0.3072 -0.5161 -0.8447 -0.3118 0.5115 0.0000 0.0000 0.0000 0.0184 0.6785 -1.2892 -0.6409 0.0123 0.0000 0.0077 -0.6769 1.2861 0.6409 0.0414
0.0007 0.1000 -0.0001 0.4882 0.0012 -0.3800 0.7219 0.3072 -0.5161 -0.8447 -0.3118 0.5115 0.0000 0.0000 0.0000 0.0015 0.6754 -1.2601 -0.7084 -0.0215 0.0000 -0.0077 -0.6769 1.2631 0.7100 0.0077
0.0007 0.1000 -0.0001 0.4893 0.0012 -0.3800 0.7219 0.3072 -0.5161 -0.8447 -0.3118 0.5115 0.0000 0.0000 0.0000 -0.0445 0.7122 -1.3475 -0.7115 -0.1105 0.0000 -0.0445 -0.6508 1.2202 0.6455 -0.0782
0.0007 0.1000 -0.0001 0.4904 0.0012 -0.3800 0.7219 0.3072 -0.5161 -0.8447 -0.3118 0.5115 0.0000 0.0000 0.0000 -0.0828 0.8058 -1.5424 -0.8174 -0.1734 0.0000 -0.0537 -0.6048 1.1250 0.6026 -0.1319
